book_id,book_title,library_final,collection,req_no,part,old_page_count,pan_dir_id_status,bucket,webp_status,webp_prefix,source_url,source_root,source_relative_path,author
306-0270-14,茶書 冊14 日本·國立公文書館 館藏 子306-0270,日本·國立公文書館,overseas_guji,子306-0270,子部,4,空,C_123无映射,done,naj/306-0270-14/,https://www.digital.archives.go.jp/api/iiif/3610931/manifest.json,lineb,lineb/306-0270-14,著者:陳継儒（明）
306-0270-18,茶書 冊18 日本·國立公文書館 館藏 子306-0270,日本·國立公文書館,overseas_guji,子306-0270,子部,5,空,C_123无映射,done,naj/306-0270-18/,https://www.digital.archives.go.jp/api/iiif/3610912/manifest.json,lineb,lineb/306-0270-18,著者:陳師（明）
309-0117-03,虞初志 冊03 日本·國立公文書館 館藏 子309-0117,日本·國立公文書館,overseas_guji,子309-0117,子部,3,空,C_123无映射,done,naj/309-0117-03/,https://www.digital.archives.go.jp/api/iiif/3610599/manifest.json,lineb,lineb/309-0117-03,著者:韋壮（唐）
309-0117-06,虞初志 冊06 日本·國立公文書館 館藏 子309-0117,日本·國立公文書館,overseas_guji,子309-0117,子部,5,空,C_123无映射,done,naj/309-0117-06/,https://www.digital.archives.go.jp/api/iiif/3610578/manifest.json,lineb,lineb/309-0117-06,著者:楊巨源（唐）
309-0117-11,虞初志 冊11 日本·國立公文書館 館藏 子309-0117,日本·國立公文書館,overseas_guji,子309-0117,子部,4,空,C_123无映射,done,naj/309-0117-11/,https://www.digital.archives.go.jp/api/iiif/3610598/manifest.json,lineb,lineb/309-0117-11,著者:李泌（唐）
309-0117-15,虞初志 冊15 日本·國立公文書館 館藏 子309-0117,日本·國立公文書館,overseas_guji,子309-0117,子部,5,空,C_123无映射,done,naj/309-0117-15/,https://www.digital.archives.go.jp/api/iiif/3610628/manifest.json,lineb,lineb/309-0117-15,著者:王建（唐）
309-0117-19,虞初志 冊19 日本·國立公文書館 館藏 子309-0117,日本·國立公文書館,overseas_guji,子309-0117,子部,3,空,C_123无映射,done,naj/309-0117-19/,https://www.digital.archives.go.jp/api/iiif/3610580/manifest.json,lineb,lineb/309-0117-19,著者:李羣玉（唐）
309-0117-28,虞初志 冊28 日本·國立公文書館 館藏 子309-0117,日本·國立公文書館,overseas_guji,子309-0117,子部,4,空,C_123无映射,done,naj/309-0117-28/,https://www.digital.archives.go.jp/api/iiif/3610600/manifest.json,lineb,lineb/309-0117-28,著者:朱慶余（唐）
bie037-0001-01,朝鮮國禮曹參議李拭奉復對馬州太守平朝臣宗公書 冊01 日本·國立公文書館 館藏 別037-0001,日本·國立公文書館,overseas_guji,別037-0001,史部,4,空,C_123无映射,done,naj/bie037-0001-01/,https://www.digital.archives.go.jp/api/iiif/1592664.json,naikaku,naikaku/bie037-0001-01,
dhyfs_2,敦煌医方书,本地已合并古籍(非航母IIIF线·B盘 123bak/古籍-海外遗失版本/医书类),overseas,,,4,空,C_123无映射,done,gufang/dhyfs_2/,,B:/123bak/古籍-海外遗失版本/医书类,敦煌医方书.pdf,
essf,二十四方,本地已合并古籍(非航母IIIF线·B盘 123bak/珍贵古籍善本/海外藏馆回流),overseas,,,5,空,C_123无映射,done,gufang/essf/,,B:/123bak/珍贵古籍善本/海外藏馆回流/已合并,二十四方.pdf,
fuji-RB00000937,英吉利国種痘奇書 日本·京都大學圖書館,日本·京都大學富士川文庫,overseas,イ/120,,5,有(但页数不足),B_123有残件不足,done,book/fuji-RB00000937/,,fujikawa,fujikawa/fuji-RB00000937,伊藤圭介校
fuji-RB00000958,池田家秘書 日本·京都大學圖書館,日本·京都大學富士川文庫,overseas,イ/131,,6,有(但页数不足),B_123有残件不足,done,book/fuji-RB00000958/,,fujikawa,fujikawa/fuji-RB00000958,
fuji-RB00000963,医源 日本·京都大學圖書館,日本·京都大學富士川文庫,overseas,テ/8,,6,有(但页数不足),B_123有残件不足,done,book/fuji-RB00000963/,,fujikawa,fujikawa/fuji-RB00000963,石坂宗哲著
fuji-RB00001003,医師の来る迄 3巻 日本·京都大學圖書館,日本·京都大學富士川文庫,overseas,イ/166,,4,有(但页数不足),B_123有残件不足,done,book/fuji-RB00001003/,,fujikawa,fujikawa/fuji-RB00001003,(英)ホ-プ著・(米)イ-増補改訂 楢林建三郎訳
fuji-RB00001028,医書抜書 日本·京都大學圖書館,日本·京都大學富士川文庫,overseas,イ/184,,5,有(但页数不足),B_123有残件不足,done,book/fuji-RB00001028/,,fujikawa,fujikawa/fuji-RB00001028,
fuji-RB00001046,医聖方格 5巻 日本·京都大學圖書館,日本·京都大學富士川文庫,overseas,イ/200,,4,有(但页数不足),B_123有残件不足,done,book/fuji-RB00001046/,,fujikawa,fujikawa/fuji-RB00001046,能条玄長(保庵)編述・岩松良碩校正
fuji-RB00001047,医説 10巻 存巻1-8 日本·京都大學圖書館,日本·京都大學富士川文庫,overseas,イ/201,,4,有(但页数不足),B_123有残件不足,done,book/fuji-RB00001047/,,fujikawa,fujikawa/fuji-RB00001047,(宋)張杲(季明)撰
fuji-RB00001055,医宗粋言 14巻(第2巻欠) 日本·京都大學圖書館,日本·京都大學富士川文庫,overseas,イ/212,,6,有(但页数不足),B_123有残件不足,done,book/fuji-RB00001055/,,fujikawa,fujikawa/fuji-RB00001055,(明)羅周彦編
fuji-RB00001057,医宗仲景考 日本·京都大學圖書館,日本·京都大學富士川文庫,overseas,イ/214,,6,有(但页数不足),B_123有残件不足,done,book/fuji-RB00001057/,,fujikawa,fujikawa/fuji-RB00001057,平田篤胤著
fuji-RB00001096,一夕医話 3巻 日本·京都大學圖書館,日本·京都大學富士川文庫,overseas,イ/236,,6,有(但页数不足),B_123有残件不足,done,book/fuji-RB00001096/,,fujikawa,fujikawa/fuji-RB00001096,平野元良(重誠)著
fuji-RB00001101,医轍 1巻付録1巻 日本·京都大學圖書館,日本·京都大學富士川文庫,overseas,イ/407,,3,有(但页数不足),B_123有残件不足,done,book/fuji-RB00001101/,,fujikawa,fujikawa/fuji-RB00001101,中川量平著
fuji-RB00001110,胃嚢録 9巻 日本·京都大學圖書館,日本·京都大學富士川文庫,overseas,イ/251,,6,有(但页数不足),B_123有残件不足,done,book/fuji-RB00001110/,,fujikawa,fujikawa/fuji-RB00001110,賀陽玄節(玄雪老樵)編
fuji-RB00001121,医弊説 1巻 日本·京都大學圖書館,日本·京都大學富士川文庫,overseas,イ/409,,4,有(但页数不足),B_123有残件不足,done,book/fuji-RB00001121/,,fujikawa,fujikawa/fuji-RB00001121,徳川斉昭著
fuji-RB00001122,医弁 日本·京都大學圖書館,日本·京都大學富士川文庫,overseas,イ/259,,6,有(但页数不足),B_123有残件不足,done,book/fuji-RB00001122/,,fujikawa,fujikawa/fuji-RB00001122,永田徳本著
fuji-RB00001144,医方集解 3巻(下巻之下欠) 日本·京都大學圖書館,日本·京都大學富士川文庫,overseas,イ/279,,5,有(但页数不足),B_123有残件不足,done,book/fuji-RB00001144/,,fujikawa,fujikawa/fuji-RB00001144,(清)汪昂(訒菴)輯
fuji-RB00001147,医方小乗 5巻 日本·京都大學圖書館,日本·京都大學富士川文庫,overseas,イ/280,,3,有(但页数不足),B_123有残件不足,done,book/fuji-RB00001147/,,fujikawa,fujikawa/fuji-RB00001147,和田純(蕉窓)著
fuji-RB00001150,医方小児論 日本·京都大學圖書館,日本·京都大學富士川文庫,overseas,イ/283,,5,有(但页数不足),B_123有残件不足,done,book/fuji-RB00001150/,,fujikawa,fujikawa/fuji-RB00001150,
fuji-RB00001154,医方選粋 日本·京都大學圖書館,日本·京都大學富士川文庫,overseas,イ/286,,5,有(但页数不足),B_123有残件不足,done,book/fuji-RB00001154/,,fujikawa,fujikawa/fuji-RB00001154,杉本良著
fuji-RB00001157,(南北経験)医方大成論 日本·京都大學圖書館,日本·京都大學富士川文庫,overseas,イ/289,,6,有(但页数不足),B_123有残件不足,done,book/fuji-RB00001157/,,fujikawa,fujikawa/fuji-RB00001157,(元)孫允賢著
fuji-RB00001158,医方大成論 日本·京都大學圖書館,日本·京都大學富士川文庫,overseas,イ/290,,3,有(但页数不足),B_123有残件不足,done,book/fuji-RB00001158/,,fujikawa,fujikawa/fuji-RB00001158,(元)孫允賢著
fuji-RB00001171,医方湯頭歌括 日本·京都大學圖書館,日本·京都大學富士川文庫,overseas,イ/295,,2,有(但页数不足),B_123有残件不足,done,book/fuji-RB00001171/,,fujikawa,fujikawa/fuji-RB00001171,(清)汪昂(訒菴)編
fuji-RB00001175,医方略記 日本·京都大學圖書館,日本·京都大學富士川文庫,overseas,イ/307,,4,有(但页数不足),B_123有残件不足,done,book/fuji-RB00001175/,,fujikawa,fujikawa/fuji-RB00001175,
fuji-RB00001181,医門闚観 日本·京都大學圖書館,日本·京都大學富士川文庫,overseas,イ/312,,5,有(但页数不足),B_123有残件不足,done,book/fuji-RB00001181/,,fujikawa,fujikawa/fuji-RB00001181,関口本貞(子道)著
fuji-RB00001182,医門闚観 日本·京都大學圖書館,日本·京都大學富士川文庫,overseas,イ/313,,3,有(但页数不足),B_123有残件不足,done,book/fuji-RB00001182/,,fujikawa,fujikawa/fuji-RB00001182,関口本貞(子道)著
fuji-RB00001195,医略抄 日本·京都大學圖書館,日本·京都大學富士川文庫,overseas,イ/324,,5,有(但页数不足),B_123有残件不足,done,book/fuji-RB00001195/,,fujikawa,fujikawa/fuji-RB00001195,丹波雅忠著・多紀元簡(檪窓、桂山)校
fuji-RB00001196,医略抄 日本·京都大學圖書館,日本·京都大學富士川文庫,overseas,イ/325,,2,有(但页数不足),B_123有残件不足,done,book/fuji-RB00001196/,,fujikawa,fujikawa/fuji-RB00001196,丹波雅忠著・多紀元簡(檪窓、桂山)校
fuji-RB00001198,医略抄 日本·京都大學圖書館,日本·京都大學富士川文庫,overseas,イ/327,,6,有(但页数不足),B_123有残件不足,done,book/fuji-RB00001198/,,fujikawa,fujikawa/fuji-RB00001198,丹波雅忠著・多紀元簡(檪窓、桂山)校
fuji-RB00001213,医療手引草 4巻 日本·京都大學圖書館,日本·京都大學富士川文庫,overseas,イ/339,,6,有(但页数不足),B_123有残件不足,done,book/fuji-RB00001213/,,fujikawa,fujikawa/fuji-RB00001213,加藤謙斎(忠宝)著
fuji-RB00001219,(和漢)医林新誌 20巻 日本·京都大學圖書館,日本·京都大學富士川文庫,overseas,イ/345,,2,有(但页数不足),B_123有残件不足,done,book/fuji-RB00001219/,,fujikawa,fujikawa/fuji-RB00001219,杏雨社編
fuji-RB00001221,医林蒙求 3巻 日本·京都大學圖書館,日本·京都大學富士川文庫,overseas,イ/347,,6,有(但页数不足),B_123有残件不足,done,book/fuji-RB00001221/,,fujikawa,fujikawa/fuji-RB00001221,樋口器著
fuji-RB00001252,歌傷寒雑病論俗弁 4巻首1巻 日本·京都大學圖書館,日本·京都大學富士川文庫,overseas,ウ/5,,6,有(但页数不足),B_123有残件不足,done,book/fuji-RB00001252/,,fujikawa,fujikawa/fuji-RB00001252,平野元亮著
fuji-RB00001258,産家やしなひ草 日本·京都大學圖書館,日本·京都大學富士川文庫,overseas,ウ/10,,6,有(但页数不足),B_123有残件不足,done,book/fuji-RB00001258/,,fujikawa,fujikawa/fuji-RB00001258,佐々井玄敬著
fuji-RB00001265,運気流行図 日本·京都大學圖書館,日本·京都大學富士川文庫,overseas,ウ/16,,5,有(但页数不足),B_123有残件不足,done,book/fuji-RB00001265/,,fujikawa,fujikawa/fuji-RB00001265,
fuji-RB00001268,雲上伝朝日丸秘書 日本·京都大學圖書館,日本·京都大學富士川文庫,overseas,ウ/20,,2,有(但页数不足),B_123有残件不足,done,book/fuji-RB00001268/,,fujikawa,fujikawa/fuji-RB00001268,橘荘仙医院直伝
fuji-RB00001348,汪氏痘疹大成 日本·京都大學圖書館,日本·京都大學富士川文庫,overseas,オ/65,,2,有(但页数不足),B_123有残件不足,done,book/fuji-RB00001348/,,fujikawa,fujikawa/fuji-RB00001348,(明)汪若源撰
fuji-RB00001432,瘟疫診舌 日本·京都大學圖書館,日本·京都大學富士川文庫,overseas,オ/33,,5,有(但页数不足),B_123有残件不足,done,book/fuji-RB00001432/,,fujikawa,fujikawa/fuji-RB00001432,
fuji-RB00001444,温疫論発揮 2巻 日本·京都大學圖書館,日本·京都大學富士川文庫,overseas,オ/44,,4,有(但页数不足),B_123有残件不足,done,book/fuji-RB00001444/,,fujikawa,fujikawa/fuji-RB00001444,(明)呉又可著・小畑行簡(良卓)訂正
fuji-RB00001445,温疫論翼訣 2巻 日本·京都大學圖書館,日本·京都大學富士川文庫,overseas,オ/45,,3,有(但页数不足),B_123有残件不足,done,book/fuji-RB00001445/,,fujikawa,fujikawa/fuji-RB00001445,百々俊徳口授・百々綯(一郎)筆記
fuji-RB00001453,温泉考 日本·京都大學圖書館,日本·京都大學富士川文庫,overseas,オ/52,,2,有(但页数不足),B_123有残件不足,done,book/fuji-RB00001453/,,fujikawa,fujikawa/fuji-RB00001453,原南陽(昌克)著
fuji-RB00001502,晦息窩黴瘡方録 日本·京都大學圖書館,日本·京都大學富士川文庫,overseas,カ/29,,6,有(但页数不足),B_123有残件不足,done,book/fuji-RB00001502/,,fujikawa,fujikawa/fuji-RB00001502,菅井良達(時)著
fuji-RB00001504,晦息窩婦人方録 日本·京都大學圖書館,日本·京都大學富士川文庫,overseas,カ/31,,3,有(但页数不足),B_123有残件不足,done,book/fuji-RB00001504/,,fujikawa,fujikawa/fuji-RB00001504,菅井良達(時)著
fuji-RB00001524,(新版)懐中重宝妙薬集 日本·京都大學圖書館,日本·京都大學富士川文庫,overseas,カ/52,,4,有(但页数不足),B_123有残件不足,done,book/fuji-RB00001524/,,fujikawa,fujikawa/fuji-RB00001524,
fuji-RB00001526,蛔虫論 1巻 日本·京都大學圖書館,日本·京都大學富士川文庫,overseas,カ/312,,4,有(但页数不足),B_123有残件不足,done,book/fuji-RB00001526/,,fujikawa,fujikawa/fuji-RB00001526,浅井贇(樺園)著
fuji-RB00001561,鶴蝨考 日本·京都大學圖書館,日本·京都大學富士川文庫,overseas,カ/92,,6,有(但页数不足),B_123有残件不足,done,book/fuji-RB00001561/,,fujikawa,fujikawa/fuji-RB00001561,森立之(枳園)著
fuji-RB00001601,脚気新論 日本·京都大學圖書館,日本·京都大學富士川文庫,overseas,カ/126,,5,有(但页数不足),B_123有残件不足,done,book/fuji-RB00001601/,,fujikawa,fujikawa/fuji-RB00001601,今村了庵(亮)著
fuji-RB00001643,家伝秘蔵膏薬方 日本·京都大學圖書館,日本·京都大學富士川文庫,overseas,カ/167,,2,有(但页数不足),B_123有残件不足,done,book/fuji-RB00001643/,,fujikawa,fujikawa/fuji-RB00001643,
fuji-RB00001668,遐齢小児方 日本·京都大學圖書館,日本·京都大學富士川文庫,overseas,カ/188,,1,有(但页数不足),B_123有残件不足,done,book/fuji-RB00001668/,,fujikawa,fujikawa/fuji-RB00001668,曲直瀬道三(正慶)著
fuji-RB00001735,丸散方考 1巻 日本·京都大學圖書館,日本·京都大學富士川文庫,overseas,カ/325,,4,有(但页数不足),B_123有残件不足,done,book/fuji-RB00001735/,,fujikawa,fujikawa/fuji-RB00001735,華岡青洲(震)著
fuji-RB00001753,官制漫弁 日本·京都大學圖書館,日本·京都大學富士川文庫,overseas,カ/260,,3,有(但页数不足),B_123有残件不足,done,book/fuji-RB00001753/,,fujikawa,fujikawa/fuji-RB00001753,小磯元徳著
fuji-RB00001761,疳虫集 日本·京都大學圖書館,日本·京都大學富士川文庫,overseas,カ/264,,2,有(但页数不足),B_123有残件不足,done,book/fuji-RB00001761/,,fujikawa,fujikawa/fuji-RB00001761,
fuji-RB00001791,眼目養生之次第 日本·京都大學圖書館,日本·京都大學富士川文庫,overseas,カ/283,,2,有(但页数不足),B_123有残件不足,done,book/fuji-RB00001791/,,fujikawa,fujikawa/fuji-RB00001791,
fuji-RB00001795,漢洋病名対照表 2巻 日本·京都大學圖書館,日本·京都大學富士川文庫,overseas,カ/286,,4,有(但页数不足),B_123有残件不足,done,book/fuji-RB00001795/,,fujikawa,fujikawa/fuji-RB00001795,落合泰蔵編
fuji-RB00001801,眼目療性之次第 日本·京都大學圖書館,日本·京都大學富士川文庫,overseas,カ/330,,6,有(但页数不足),B_123有残件不足,done,book/fuji-RB00001801/,,fujikawa,fujikawa/fuji-RB00001801,
fuji-RB00001811,夔菴存蒿 日本·京都大學圖書館,日本·京都大學富士川文庫,overseas,キ/1,,1,有(但页数不足),B_123有残件不足,done,book/fuji-RB00001811/,,fujikawa,fujikawa/fuji-RB00001811,
fuji-RB00001818,気海観瀾 1巻 日本·京都大學圖書館,日本·京都大學富士川文庫,overseas,キ/233,,1,有(但页数不足),B_123有残件不足,done,book/fuji-RB00001818/,,fujikawa,fujikawa/fuji-RB00001818,青地林宗(盈)著
fuji-RB00001837,宜子医案 日本·京都大學圖書館,日本·京都大學富士川文庫,overseas,キ/20,,1,有(但页数不足),B_123有残件不足,done,book/fuji-RB00001837/,,fujikawa,fujikawa/fuji-RB00001837,宮崎立伯著
fuji-RB00001843,疵療治一流 日本·京都大學圖書館,日本·京都大學富士川文庫,overseas,キ/26,,2,有(但页数不足),B_123有残件不足,done,book/fuji-RB00001843/,,fujikawa,fujikawa/fuji-RB00001843,
fuji-RB00001847,喜多村先生医話 日本·京都大學圖書館,日本·京都大學富士川文庫,overseas,キ/30,,3,有(但页数不足),B_123有残件不足,done,book/fuji-RB00001847/,,fujikawa,fujikawa/fuji-RB00001847,喜多村槐園(直)述・小川敏筆記
fuji-RB00001858,吉氏家伝丹剤方 日本·京都大學圖書館,日本·京都大學富士川文庫,overseas,キ/36,,1,有(但页数不足),B_123有残件不足,done,book/fuji-RB00001858/,,fujikawa,fujikawa/fuji-RB00001858,
fuji-RB00001872,奇方撮要 1巻(前編) 日本·京都大學圖書館,日本·京都大學富士川文庫,overseas,キ/43,,4,有(但页数不足),B_123有残件不足,done,book/fuji-RB00001872/,,fujikawa,fujikawa/fuji-RB00001872,金子典従著
fuji-RB00001887,宮外妊娠経験説 日本·京都大學圖書館,日本·京都大學富士川文庫,overseas,キ/57,,4,有(但页数不足),B_123有残件不足,done,book/fuji-RB00001887/,,fujikawa,fujikawa/fuji-RB00001887,三宅春齢(董庵)著
fuji-RB00001891,救急易解方 日本·京都大學圖書館,日本·京都大學富士川文庫,overseas,キ/60,,1,有(但页数不足),B_123有残件不足,done,book/fuji-RB00001891/,,fujikawa,fujikawa/fuji-RB00001891,
fuji-RB00001907,(増補)灸穴早合点 日本·京都大學圖書館,日本·京都大學富士川文庫,overseas,キ/74,,4,有(但页数不足),B_123有残件不足,done,book/fuji-RB00001907/,,fujikawa,fujikawa/fuji-RB00001907,奥田慊山補正
fuji-RB00001911,救荒本草会誌 日本·京都大學圖書館,日本·京都大學富士川文庫,overseas,キ/82,,4,有(但页数不足),B_123有残件不足,done,book/fuji-RB00001911/,,fujikawa,fujikawa/fuji-RB00001911,小野蘭山(職博)著
fuji-RB00001917,求古館医譜 9巻(診候(巻1)・外因(巻2-5・17)・内因婦人嬰童(6-8)篇) 日本·京都大學圖書館,日本·京都大學富士川文庫,overseas,キ/77,,3,有(但页数不足),B_123有残件不足,done,book/fuji-RB00001917/,,fujikawa,fujikawa/fuji-RB00001917,高階枳園(経宣)口授
fuji-RB00001918,求古館医譜 2巻(診候外因雑因篇) 日本·京都大學圖書館,日本·京都大學富士川文庫,overseas,キ/78,,1,有(但页数不足),B_123有残件不足,done,book/fuji-RB00001918/,,fujikawa,fujikawa/fuji-RB00001918,高階枳園著
fuji-RB00001922,牛山活套 3巻 日本·京都大學圖書館,日本·京都大學富士川文庫,overseas,キ/87,,2,有(但页数不足),B_123有残件不足,done,book/fuji-RB00001922/,,fujikawa,fujikawa/fuji-RB00001922,香月牛山(則真)著
fuji-RB00001958,救偏瑣言 10巻附1巻 日本·京都大學圖書館,日本·京都大學富士川文庫,overseas,キ/115,,1,有(但页数不足),B_123有残件不足,done,book/fuji-RB00001958/,,fujikawa,fujikawa/fuji-RB00001958,(清)費啓泰撰
fuji-RB00001962,灸法要穴 日本·京都大學圖書館,日本·京都大學富士川文庫,overseas,キ/121,,5,有(但页数不足),B_123有残件不足,done,book/fuji-RB00001962/,,fujikawa,fujikawa/fuji-RB00001962,
fuji-RB00001963,灸法要穴 日本·京都大學圖書館,日本·京都大學富士川文庫,overseas,キ/122,,2,有(但页数不足),B_123有残件不足,done,book/fuji-RB00001963/,,fujikawa,fujikawa/fuji-RB00001963,
fuji-RB00001964,救民単方 日本·京都大學圖書館,日本·京都大學富士川文庫,overseas,キ/123,,1,有(但页数不足),B_123有残件不足,done,book/fuji-RB00001964/,,fujikawa,fujikawa/fuji-RB00001964,佐々城直知著
fuji-RB00001968,救民妙薬集 日本·京都大學圖書館,日本·京都大學富士川文庫,overseas,キ/127,,5,有(但页数不足),B_123有残件不足,done,book/fuji-RB00001968/,,fujikawa,fujikawa/fuji-RB00001968,穂積宗与(甫菴)著
fuji-RB00001975,恭菴先生雑記 1巻(方録之部) 日本·京都大學圖書館,日本·京都大學富士川文庫,overseas,キ/146,,3,有(但页数不足),B_123有残件不足,done,book/fuji-RB00001975/,,fujikawa,fujikawa/fuji-RB00001975,大西恭菴説・広瀬親侃筆記
fuji-RB00001979,杏蔭斎正骨要訣 日本·京都大學圖書館,日本·京都大學富士川文庫,overseas,キ/149,,1,有(但页数不足),B_123有残件不足,done,book/fuji-RB00001979/,,fujikawa,fujikawa/fuji-RB00001979,吉原元棟(隆仙)著
fuji-RB00001985,篋中方 日本·京都大學圖書館,日本·京都大學富士川文庫,overseas,キ/153,,6,有(但页数不足),B_123有残件不足,done,book/fuji-RB00001985/,,fujikawa,fujikawa/fuji-RB00001985,市川匡著
fuji-RB00001987,杏林雑話 日本·京都大學圖書館,日本·京都大學富士川文庫,overseas,キ/155,,3,有(但页数不足),B_123有残件不足,done,book/fuji-RB00001987/,,fujikawa,fujikawa/fuji-RB00001987,浅田宗伯(惟常)著
fuji-RB00001988,杏林内省録 6巻 日本·京都大學圖書館,日本·京都大學富士川文庫,overseas,キ/245,,2,有(但页数不足),B_123有残件不足,done,book/fuji-RB00001988/,,fujikawa,fujikawa/fuji-RB00001988,緒方惟勝編
fuji-RB00001992,魚貝能毒品物図考 日本·京都大學圖書館,日本·京都大學富士川文庫,overseas,キ/145,,4,有(但页数不足),B_123有残件不足,done,book/fuji-RB00001992/,,fujikawa,fujikawa/fuji-RB00001992,青苔園著
fuji-RB00002004,局方発揮 1巻(巻1のみ) 日本·京都大學圖書館,日本·京都大學富士川文庫,overseas,キ/142,,6,有(但页数不足),B_123有残件不足,done,book/fuji-RB00002004/,,fujikawa,fujikawa/fuji-RB00002004,(元)朱震亨(丹渓)撰
fuji-RB00002010,切紙聞書(57ヶ条) 日本·京都大學圖書館,日本·京都大學富士川文庫,overseas,キ/161,,6,有(但页数不足),B_123有残件不足,done,book/fuji-RB00002010/,,fujikawa,fujikawa/fuji-RB00002010,意菴講・中村光政誌
fuji-RB00002015,銀海発明 日本·京都大學圖書館,日本·京都大學富士川文庫,overseas,キ/168,,5,有(但页数不足),B_123有残件不足,done,book/fuji-RB00002015/,,fujikawa,fujikawa/fuji-RB00002015,
fuji-RB00002020,金匱玉函要略方論講義 3巻 日本·京都大學圖書館,日本·京都大學富士川文庫,overseas,キ/173,,4,有(但页数不足),B_123有残件不足,done,book/fuji-RB00002020/,,fujikawa,fujikawa/fuji-RB00002020,越智正隆著
fuji-RB00002022,金匱直解 3巻 日本·京都大學圖書館,日本·京都大學富士川文庫,overseas,キ/175,,6,有(但页数不足),B_123有残件不足,done,book/fuji-RB00002022/,,fujikawa,fujikawa/fuji-RB00002022,(漢)張機(仲景)撰 ・(清)程林(雲来)註
fuji-RB00002025,金匱要略聞書 4巻 日本·京都大學圖書館,日本·京都大學富士川文庫,overseas,キ/251,,1,有(但页数不足),B_123有残件不足,done,book/fuji-RB00002025/,,fujikawa,fujikawa/fuji-RB00002025,吉益南涯(猷)講説・伊藤祐義筆記
fuji-RB00002029,金匱要略精義 日本·京都大學圖書館,日本·京都大學富士川文庫,overseas,キ/183,,5,有(但页数不足),B_123有残件不足,done,book/fuji-RB00002029/,,fujikawa,fujikawa/fuji-RB00002029,吉益北洲(順)著
fuji-RB00002036,金鶏医談 日本·京都大學圖書館,日本·京都大學富士川文庫,overseas,キ/190,,1,有(但页数不足),B_123有残件不足,done,book/fuji-RB00002036/,,fujikawa,fujikawa/fuji-RB00002036,畑秀龍(道雲)著
fuji-RB00002037,金鶏医談 日本·京都大學圖書館,日本·京都大學富士川文庫,overseas,キ/191,,2,有(但页数不足),B_123有残件不足,done,book/fuji-RB00002037/,,fujikawa,fujikawa/fuji-RB00002037,畑秀龍(道雲)著
fuji-RB00002039,金鶏医談 日本·京都大學圖書館,日本·京都大學富士川文庫,overseas,キ/193,,2,有(但页数不足),B_123有残件不足,done,book/fuji-RB00002039/,,fujikawa,fujikawa/fuji-RB00002039,畑秀龍(道雲)著
fuji-RB00002040,金傷全書 日本·京都大學圖書館,日本·京都大學富士川文庫,overseas,キ/196,,6,有(但页数不足),B_123有残件不足,done,book/fuji-RB00002040/,,fujikawa,fujikawa/fuji-RB00002040,
fuji-RB00002058,金瘡神機 日本·京都大學圖書館,日本·京都大學富士川文庫,overseas,キ/201,,4,有(但页数不足),B_123有残件不足,done,book/fuji-RB00002058/,,fujikawa,fujikawa/fuji-RB00002058,
fuji-RB00002059,金瘡治範 2巻 日本·京都大學圖書館,日本·京都大學富士川文庫,overseas,キ/208,,2,有(但页数不足),B_123有残件不足,done,book/fuji-RB00002059/,,fujikawa,fujikawa/fuji-RB00002059,
fuji-RB00002065,金瘡秘伝 日本·京都大學圖書館,日本·京都大學富士川文庫,overseas,キ/204,,3,有(但页数不足),B_123有残件不足,done,book/fuji-RB00002065/,,fujikawa,fujikawa/fuji-RB00002065,中村入道等伝
fuji-RB00002066,(永井流)金瘡秘伝 日本·京都大學圖書館,日本·京都大學富士川文庫,overseas,キ/205,,3,有(但页数不足),B_123有残件不足,done,book/fuji-RB00002066/,,fujikawa,fujikawa/fuji-RB00002066,(於有馬湯治)宮木新太郎相伝
fuji-RB00002068,金瘡秘話 日本·京都大學圖書館,日本·京都大學富士川文庫,overseas,キ/209,,1,有(但页数不足),B_123有残件不足,done,book/fuji-RB00002068/,,fujikawa,fujikawa/fuji-RB00002068,華岡青洲(震)著
fuji-RB00002070,錦袋 日本·京都大學圖書館,日本·京都大學富士川文庫,overseas,キ/217,,1,有(但页数不足),B_123有残件不足,done,book/fuji-RB00002070/,,fujikawa,fujikawa/fuji-RB00002070,
fuji-RB00002072,琴堂方鑑 10巻(巻1ー5・8-12) 日本·京都大學圖書館,日本·京都大學富士川文庫,overseas,キ/216,,6,有(但页数不足),B_123有残件不足,done,book/fuji-RB00002072/,,fujikawa,fujikawa/fuji-RB00002072,石崎子直著
fuji-RB00002079,錦嚢叢書 日本·京都大學圖書館,日本·京都大學富士川文庫,overseas,キ/224,,4,有(但页数不足),B_123有残件不足,done,book/fuji-RB00002079/,,fujikawa,fujikawa/fuji-RB00002079,
fuji-RB00002080,禁方小牘 6巻 日本·京都大學圖書館,日本·京都大學富士川文庫,overseas,キ/225,,1,有(但页数不足),B_123有残件不足,done,book/fuji-RB00002080/,,fujikawa,fujikawa/fuji-RB00002080,千野良岱(元達)著
fuji-RB00002091,日下玉眼一流 日本·京都大學圖書館,日本·京都大學富士川文庫,overseas,ク/3,,2,有(但页数不足),B_123有残件不足,done,book/fuji-RB00002091/,,fujikawa,fujikawa/fuji-RB00002091,朝倉信明著
fuji-RB00002094,駆豎斎詩鈔 2巻 日本·京都大學圖書館,日本·京都大學富士川文庫,overseas,ク/6,,1,有(但页数不足),B_123有残件不足,done,book/fuji-RB00002094/,,fujikawa,fujikawa/fuji-RB00002094,新宮涼庭(碩)著
fuji-RB00002097,駆豎斎方府 2巻 日本·京都大學圖書館,日本·京都大學富士川文庫,overseas,ク/9,,2,有(但页数不足),B_123有残件不足,done,book/fuji-RB00002097/,,fujikawa,fujikawa/fuji-RB00002097,新宮涼庭(碩)口授
fuji-RB00002101,医言霊 日本·京都大學圖書館,日本·京都大學富士川文庫,overseas,イ/138,,4,有(但页数不足),B_123有残件不足,done,book/fuji-RB00002101/,,fujikawa,fujikawa/fuji-RB00002101,森川宗円著・脇田信親撰
fuji-RB00002102,くすしの一言 日本·京都大學圖書館,日本·京都大學富士川文庫,overseas,ク/10,,3,有(但页数不足),B_123有残件不足,done,book/fuji-RB00002102/,,fujikawa,fujikawa/fuji-RB00002102,権田直助述
fuji-RB00002106,愚肰口授 日本·京都大學圖書館,日本·京都大學富士川文庫,overseas,ク/14,,3,有(但页数不足),B_123有残件不足,done,book/fuji-RB00002106/,,fujikawa,fujikawa/fuji-RB00002106,森友益(雲竹)口授・森立之(枳園)編
fuji-RB00002109,熊膽真偽弁 日本·京都大學圖書館,日本·京都大學富士川文庫,overseas,ク/16,,1,有(但页数不足),B_123有残件不足,done,book/fuji-RB00002109/,,fujikawa,fujikawa/fuji-RB00002109,穂積保著
fuji-RB00002111,栗崎一流膏書 日本·京都大學圖書館,日本·京都大學富士川文庫,overseas,ク/18,,2,有(但页数不足),B_123有残件不足,done,book/fuji-RB00002111/,,fujikawa,fujikawa/fuji-RB00002111,
fuji-RB00002113,栗崎外科 日本·京都大學圖書館,日本·京都大學富士川文庫,overseas,ク/19,,2,有(但页数不足),B_123有残件不足,done,book/fuji-RB00002113/,,fujikawa,fujikawa/fuji-RB00002113,栗崎正羽(道有)著
fuji-RB00002116,栗崎家南蛮油取様並功能 1巻 日本·京都大學圖書館,日本·京都大學富士川文庫,overseas,ク/33,,2,有(但页数不足),B_123有残件不足,done,book/fuji-RB00002116/,,fujikawa,fujikawa/fuji-RB00002116,
fuji-RB00002117,栗崎十一膏 日本·京都大學圖書館,日本·京都大學富士川文庫,overseas,ク/20,,2,有(但页数不足),B_123有残件不足,done,book/fuji-RB00002117/,,fujikawa,fujikawa/fuji-RB00002117,
fuji-RB00002118,栗崎流悪症療治秘伝 1巻(巻2のみ) 日本·京都大學圖書館,日本·京都大學富士川文庫,overseas,ク/34,,3,有(但页数不足),B_123有残件不足,done,book/fuji-RB00002118/,,fujikawa,fujikawa/fuji-RB00002118,
fuji-RB00002120,栗崎流金創秘訣 2巻 日本·京都大學圖書館,日本·京都大學富士川文庫,overseas,ク/36,,2,有(但页数不足),B_123有残件不足,done,book/fuji-RB00002120/,,fujikawa,fujikawa/fuji-RB00002120,栗崎正羽(道有)著
fuji-RB00002124,栗崎流外科秘録 1巻 日本·京都大學圖書館,日本·京都大學富士川文庫,overseas,ク/40,,3,有(但页数不足),B_123有残件不足,done,book/fuji-RB00002124/,,fujikawa,fujikawa/fuji-RB00002124,
fuji-RB00002129,栗本先生禁方録 2巻 日本·京都大學圖書館,日本·京都大學富士川文庫,overseas,ク/21,,3,有(但页数不足),B_123有残件不足,done,book/fuji-RB00002129/,,fujikawa,fujikawa/fuji-RB00002129,福田章因(見理)編
fuji-RB00002131,(海軍)軍医寮薬局方 日本·京都大學圖書館,日本·京都大學富士川文庫,overseas,ヤ/5,,1,有(但页数不足),B_123有残件不足,done,book/fuji-RB00002131/,,fujikawa,fujikawa/fuji-RB00002131,前田清則訳
fuji-RB00002134,軍陣救急便方 日本·京都大學圖書館,日本·京都大學富士川文庫,overseas,ク/23,,4,有(但页数不足),B_123有残件不足,done,book/fuji-RB00002134/,,fujikawa,fujikawa/fuji-RB00002134,高島烈著
fuji-RB00002136,軍中備要 1巻 日本·京都大學圖書館,日本·京都大學富士川文庫,overseas,ク/42,,2,有(但页数不足),B_123有残件不足,done,book/fuji-RB00002136/,,fujikawa,fujikawa/fuji-RB00002136,(泰西)倔典華遏弗著・高橋盈訳稿
fuji-RB00002137,軍中備要方 日本·京都大學圖書館,日本·京都大學富士川文庫,overseas,ク/24,,3,有(但页数不足),B_123有残件不足,done,book/fuji-RB00002137/,,fujikawa,fujikawa/fuji-RB00002137,太田善良著
fuji-RB00002140,群方類鈔 8巻 日本·京都大學圖書館,日本·京都大學富士川文庫,overseas,ク/27,,3,有(但页数不足),B_123有残件不足,done,book/fuji-RB00002140/,,fujikawa,fujikawa/fuji-RB00002140,
fuji-RB00002141,慶庵治眼方 日本·京都大學圖書館,日本·京都大學富士川文庫,overseas,ケ/1,,3,有(但页数不足),B_123有残件不足,done,book/fuji-RB00002141/,,fujikawa,fujikawa/fuji-RB00002141,
fuji-RB00002142,芸海珠塵 日本·京都大學圖書館,日本·京都大學富士川文庫,overseas,ケ/2,,4,有(但页数不足),B_123有残件不足,done,book/fuji-RB00002142/,,fujikawa,fujikawa/fuji-RB00002142,(清)呉省蘭(泉之)輯
fuji-RB00002145,瘈狗傷考 日本·京都大學圖書館,日本·京都大學富士川文庫,overseas,ケ/5,,4,有(但页数不足),B_123有残件不足,done,book/fuji-RB00002145/,,fujikawa,fujikawa/fuji-RB00002145,原南陽(昌克)著
fuji-RB00002150,経穴彙輯 2巻 日本·京都大學圖書館,日本·京都大學富士川文庫,overseas,ケ/9,,1,有(但页数不足),B_123有残件不足,done,book/fuji-RB00002150/,,fujikawa,fujikawa/fuji-RB00002150,杉徳(榕塘)輯
fuji-RB00002154,経穴纂要 5巻 日本·京都大學圖書館,日本·京都大學富士川文庫,overseas,ケ/13,,1,有(但页数不足),B_123有残件不足,done,book/fuji-RB00002154/,,fujikawa,fujikawa/fuji-RB00002154,小阪営昇(元祐)著
fuji-RB00002156,経穴指掌 2巻 日本·京都大學圖書館,日本·京都大學富士川文庫,overseas,ケ/15,,4,有(但页数不足),B_123有残件不足,done,book/fuji-RB00002156/,,fujikawa,fujikawa/fuji-RB00002156,高田玄達著
fuji-RB00002157,経穴指掌 2巻 日本·京都大學圖書館,日本·京都大學富士川文庫,overseas,ケ/16,,5,有(但页数不足),B_123有残件不足,done,book/fuji-RB00002157/,,fujikawa,fujikawa/fuji-RB00002157,高田玄達著
fuji-RB00002158,経穴示蒙 日本·京都大學圖書館,日本·京都大學富士川文庫,overseas,ケ/17,,5,有(但页数不足),B_123有残件不足,done,book/fuji-RB00002158/,,fujikawa,fujikawa/fuji-RB00002158,西村公密(玄周)著
fuji-RB00002159,経穴示蒙 日本·京都大學圖書館,日本·京都大學富士川文庫,overseas,ケ/18,,2,有(但页数不足),B_123有残件不足,done,book/fuji-RB00002159/,,fujikawa,fujikawa/fuji-RB00002159,西村公密(玄周)著
fuji-RB00002160,経穴図解 日本·京都大學圖書館,日本·京都大學富士川文庫,overseas,ケ/182,,3,有(但页数不足),B_123有残件不足,done,book/fuji-RB00002160/,,fujikawa,fujikawa/fuji-RB00002160,
fuji-RB00002161,経穴秘授 日本·京都大學圖書館,日本·京都大學富士川文庫,overseas,ケ/19,,1,有(但页数不足),B_123有残件不足,done,book/fuji-RB00002161/,,fujikawa,fujikawa/fuji-RB00002161,鹿島忠敬著
fuji-RB00002162,経穴甫改鈔 日本·京都大學圖書館,日本·京都大學富士川文庫,overseas,ケ/20,,1,有(但页数不足),B_123有残件不足,done,book/fuji-RB00002162/,,fujikawa,fujikawa/fuji-RB00002162,
fuji-RB00002166,経験眼病書目録 日本·京都大學圖書館,日本·京都大學富士川文庫,overseas,ケ/25,,2,有(但页数不足),B_123有残件不足,done,book/fuji-RB00002166/,,fujikawa,fujikawa/fuji-RB00002166,
fuji-RB00002171,(摸私多)経験書抜粋 3巻 日本·京都大學圖書館,日本·京都大學富士川文庫,overseas,ケ/29,,4,有(但页数不足),B_123有残件不足,done,book/fuji-RB00002171/,,fujikawa,fujikawa/fuji-RB00002171,
fuji-RB00002175,経験舌証明鑑 日本·京都大學圖書館,日本·京都大學富士川文庫,overseas,ケ/31,,2,有(但页数不足),B_123有残件不足,done,book/fuji-RB00002175/,,fujikawa,fujikawa/fuji-RB00002175,
fuji-RB00002176,経験千方 日本·京都大學圖書館,日本·京都大學富士川文庫,overseas,ケ/32,,6,有(但页数不足),B_123有残件不足,done,book/fuji-RB00002176/,,fujikawa,fujikawa/fuji-RB00002176,佩芳園(無価散人)編
fuji-RB00002177,経験千方 日本·京都大學圖書館,日本·京都大學富士川文庫,overseas,ケ/33,,2,有(但页数不足),B_123有残件不足,done,book/fuji-RB00002177/,,fujikawa,fujikawa/fuji-RB00002177,佩芳園(無価散人)編
fuji-RB00002178,(経験)治痘論 日本·京都大學圖書館,日本·京都大學富士川文庫,overseas,チ/37,,2,有(但页数不足),B_123有残件不足,done,book/fuji-RB00002178/,,fujikawa,fujikawa/fuji-RB00002178,池田晋(霧渓)著
fuji-RB00002179,(経験)治痘論 日本·京都大學圖書館,日本·京都大學富士川文庫,overseas,チ/38,,2,有(但页数不足),B_123有残件不足,done,book/fuji-RB00002179/,,fujikawa,fujikawa/fuji-RB00002179,池田晋(霧渓)著
fuji-RB00002180,経験日新録 2巻 日本·京都大學圖書館,日本·京都大學富士川文庫,overseas,ケ/171,,3,有(但页数不足),B_123有残件不足,done,book/fuji-RB00002180/,,fujikawa,fujikawa/fuji-RB00002180,奥田貞(知春)著
fuji-RB00002186,経験妙薬集 日本·京都大學圖書館,日本·京都大學富士川文庫,overseas,ケ/40,,3,有(但页数不足),B_123有残件不足,done,book/fuji-RB00002186/,,fujikawa,fujikawa/fuji-RB00002186,
fuji-RB00002187,経験要穴 日本·京都大學圖書館,日本·京都大學富士川文庫,overseas,ケ/41,,2,有(但页数不足),B_123有残件不足,done,book/fuji-RB00002187/,,fujikawa,fujikawa/fuji-RB00002187,高田玄達著
fuji-RB00002188,経験略疫門口義 日本·京都大學圖書館,日本·京都大學富士川文庫,overseas,ケ/44,,2,有(但页数不足),B_123有残件不足,done,book/fuji-RB00002188/,,fujikawa,fujikawa/fuji-RB00002188,権田直助講説・宮西諸助等筆記
fuji-RB00002190,経験良方 日本·京都大學圖書館,日本·京都大學富士川文庫,overseas,ケ/43,,1,有(但页数不足),B_123有残件不足,done,book/fuji-RB00002190/,,fujikawa,fujikawa/fuji-RB00002190,西脇典(秀挺)撰・江馬蘭斎(元恭)閲
fuji-RB00002200,景宋本備急灸方 日本·京都大學圖書館,日本·京都大學富士川文庫,overseas,ヒ/3,,3,有(但页数不足),B_123有残件不足,done,book/fuji-RB00002200/,,fujikawa,fujikawa/fuji-RB00002200,銭徳培撰
fuji-RB00002210,経脈薬註 日本·京都大學圖書館,日本·京都大學富士川文庫,overseas,ケ/60,,1,有(但页数不足),B_123有残件不足,done,book/fuji-RB00002210/,,fujikawa,fujikawa/fuji-RB00002210,名護屋玄医著
fuji-RB00002211,経兪玉淵鈔 日本·京都大學圖書館,日本·京都大學富士川文庫,overseas,ケ/58,,2,有(但页数不足),B_123有残件不足,done,book/fuji-RB00002211/,,fujikawa,fujikawa/fuji-RB00002211,
fuji-RB00002212,形容字鈔録 1巻 日本·京都大學圖書館,日本·京都大學富士川文庫,overseas,ケ/174,,2,有(但页数不足),B_123有残件不足,done,book/fuji-RB00002212/,,fujikawa,fujikawa/fuji-RB00002212,山田椿庭(業広)編
fuji-RB00002213,逕養生 日本·京都大學圖書館,日本·京都大學富士川文庫,overseas,ケ/59,,6,有(但页数不足),B_123有残件不足,done,book/fuji-RB00002213/,,fujikawa,fujikawa/fuji-RB00002213,
fuji-RB00002215,経絡括要 1巻 日本·京都大學圖書館,日本·京都大學富士川文庫,overseas,ケ/173,,2,有(但页数不足),B_123有残件不足,done,book/fuji-RB00002215/,,fujikawa,fujikawa/fuji-RB00002215,横山玄周著
fuji-RB00002216,経絡之図 日本·京都大學圖書館,日本·京都大學富士川文庫,overseas,ケ/61,,2,有(但页数不足),B_123有残件不足,done,book/fuji-RB00002216/,,fujikawa,fujikawa/fuji-RB00002216,
fuji-RB00002218,経絡発明 日本·京都大學圖書館,日本·京都大學富士川文庫,overseas,ケ/63,,1,有(但页数不足),B_123有残件不足,done,book/fuji-RB00002218/,,fujikawa,fujikawa/fuji-RB00002218,菊地周之(玄蔵)著
fuji-RB00002223,外家奇方 日本·京都大學圖書館,日本·京都大學富士川文庫,overseas,ケ/67,,2,有(但页数不足),B_123有残件不足,done,book/fuji-RB00002223/,,fujikawa,fujikawa/fuji-RB00002223,
fuji-RB00002227,外科極秘之書 日本·京都大學圖書館,日本·京都大學富士川文庫,overseas,ケ/70,,5,有(但页数不足),B_123有残件不足,done,book/fuji-RB00002227/,,fujikawa,fujikawa/fuji-RB00002227,
fuji-RB00002228,外科撮要 2巻 日本·京都大學圖書館,日本·京都大學富士川文庫,overseas,ケ/71,,1,有(但页数不足),B_123有残件不足,done,book/fuji-RB00002228/,,fujikawa,fujikawa/fuji-RB00002228,青木絚剬著
fuji-RB00002229,外科撮要 2巻 日本·京都大學圖書館,日本·京都大學富士川文庫,overseas,ケ/72,,1,有(但页数不足),B_123有残件不足,done,book/fuji-RB00002229/,,fujikawa,fujikawa/fuji-RB00002229,青木絚剬著
fuji-RB00002230,外科収功 2巻 日本·京都大學圖書館,日本·京都大學富士川文庫,overseas,ケ/73,,1,有(但页数不足),B_123有残件不足,done,book/fuji-RB00002230/,,fujikawa,fujikawa/fuji-RB00002230,大槻磐里(茂禎)著
fuji-RB00002232,外科衆方規矩 7巻 日本·京都大學圖書館,日本·京都大學富士川文庫,overseas,ケ/76,,2,有(但页数不足),B_123有残件不足,done,book/fuji-RB00002232/,,fujikawa,fujikawa/fuji-RB00002232,神保玄洲著
fuji-RB00002234,外科手術書 日本·京都大學圖書館,日本·京都大學富士川文庫,overseas,ケ/183,,1,有(但页数不足),B_123有残件不足,done,book/fuji-RB00002234/,,fujikawa,fujikawa/fuji-RB00002234,
fuji-RB00002235,外科手術書 日本·京都大學圖書館,日本·京都大學富士川文庫,overseas,ケ/184,,5,有(但页数不足),B_123有残件不足,done,book/fuji-RB00002235/,,fujikawa,fujikawa/fuji-RB00002235,
fuji-RB00002236,外科書 日本·京都大學圖書館,日本·京都大學富士川文庫,overseas,ケ/78,,1,有(但页数不足),B_123有残件不足,done,book/fuji-RB00002236/,,fujikawa,fujikawa/fuji-RB00002236,
fuji-RB00002238,外科小備 1巻 日本·京都大學圖書館,日本·京都大學富士川文庫,overseas,ケ/164,,2,有(但页数不足),B_123有残件不足,done,book/fuji-RB00002238/,,fujikawa,fujikawa/fuji-RB00002238,橘南谿(宮川春暉)著
fuji-RB00002249,外科精要 11巻 日本·京都大學圖書館,日本·京都大學富士川文庫,overseas,ケ/88,,5,有(但页数不足),B_123有残件不足,done,book/fuji-RB00002249/,,fujikawa,fujikawa/fuji-RB00002249,(蘭)我爾的児著
fuji-RB00002251,外科宗伝金瘡跌撲部 1巻 日本·京都大學圖書館,日本·京都大學富士川文庫,overseas,ケ/165,,1,有(但页数不足),B_123有残件不足,done,book/fuji-RB00002251/,,fujikawa,fujikawa/fuji-RB00002251,楢林鎮山(栄休)著
fuji-RB00002252,外科宗伝膏薬方 1巻 日本·京都大學圖書館,日本·京都大學富士川文庫,overseas,ケ/166,,1,有(但页数不足),B_123有残件不足,done,book/fuji-RB00002252/,,fujikawa,fujikawa/fuji-RB00002252,
fuji-RB00002253,外科断験 日本·京都大學圖書館,日本·京都大學富士川文庫,overseas,ケ/90,,3,有(但页数不足),B_123有残件不足,done,book/fuji-RB00002253/,,fujikawa,fujikawa/fuji-RB00002253,
fuji-RB00002254,外科単方 5巻 日本·京都大學圖書館,日本·京都大學富士川文庫,overseas,ケ/91,,1,有(但页数不足),B_123有残件不足,done,book/fuji-RB00002254/,,fujikawa,fujikawa/fuji-RB00002254,古林見宜(正温)著
fuji-RB00002255,(改補)外科調宝記 日本·京都大學圖書館,日本·京都大學富士川文庫,overseas,ケ/92,,6,有(但页数不足),B_123有残件不足,done,book/fuji-RB00002255/,,fujikawa,fujikawa/fuji-RB00002255,
fuji-RB00002256,外科通論 3巻 日本·京都大學圖書館,日本·京都大學富士川文庫,overseas,ケ/93,,1,有(但页数不足),B_123有残件不足,done,book/fuji-RB00002256/,,fujikawa,fujikawa/fuji-RB00002256,(蘭)勃大英口授
fuji-RB00002257,外科手引草 2巻 日本·京都大學圖書館,日本·京都大學富士川文庫,overseas,カ/72,,1,有(但页数不足),B_123有残件不足,done,book/fuji-RB00002257/,,fujikawa,fujikawa/fuji-RB00002257,玄々斎道人筆記
fuji-RB00002258,外科手引草 2巻 日本·京都大學圖書館,日本·京都大學富士川文庫,overseas,カ/73,,3,有(但页数不足),B_123有残件不足,done,book/fuji-RB00002258/,,fujikawa,fujikawa/fuji-RB00002258,玄々斎道人筆記
fuji-RB00002259,(三国流真伝)外科伝 日本·京都大學圖書館,日本·京都大學富士川文庫,overseas,ケ/95,,3,有(但页数不足),B_123有残件不足,done,book/fuji-RB00002259/,,fujikawa,fujikawa/fuji-RB00002259,村田某著
fuji-RB00002260,外科灯下医談 日本·京都大學圖書館,日本·京都大學富士川文庫,overseas,ケ/96,,2,有(但页数不足),B_123有残件不足,done,book/fuji-RB00002260/,,fujikawa,fujikawa/fuji-RB00002260,
fuji-RB00002261,外科はさみ 日本·京都大學圖書館,日本·京都大學富士川文庫,overseas,ケ/97,,5,有(但页数不足),B_123有残件不足,done,book/fuji-RB00002261/,,fujikawa,fujikawa/fuji-RB00002261,大槻玄沢(茂質)著
fuji-RB00002265,外科秘伝諸腫瘡見立 11巻 日本·京都大學圖書館,日本·京都大學富士川文庫,overseas,ケ/99,,4,有(但页数不足),B_123有残件不足,done,book/fuji-RB00002265/,,fujikawa,fujikawa/fuji-RB00002265,
fuji-RB00002269,外科方語譚 2巻 日本·京都大學圖書館,日本·京都大學富士川文庫,overseas,ケ/105,,5,有(但页数不足),B_123有残件不足,done,book/fuji-RB00002269/,,fujikawa,fujikawa/fuji-RB00002269,玄々斎道人筆記
fuji-RB00002271,撃蒙医約 3巻(巻1ノ上欠) 日本·京都大學圖書館,日本·京都大學富士川文庫,overseas,ケ/107,,1,有(但页数不足),B_123有残件不足,done,book/fuji-RB00002271/,,fujikawa,fujikawa/fuji-RB00002271,浅井昌英述
fuji-RB00002274,外台秘要方藍川標記 日本·京都大學圖書館,日本·京都大學富士川文庫,overseas,カ/46,,1,有(但页数不足),B_123有残件不足,done,book/fuji-RB00002274/,,fujikawa,fujikawa/fuji-RB00002274,(唐)王燾撰・森立之(枳園)抄録
fuji-RB00002276,外台薬註 日本·京都大學圖書館,日本·京都大學富士川文庫,overseas,カ/48,,1,有(但页数不足),B_123有残件不足,done,book/fuji-RB00002276/,,fujikawa,fujikawa/fuji-RB00002276,
fuji-RB00002277,結舌編 日本·京都大學圖書館,日本·京都大學富士川文庫,overseas,ケ/109,,1,有(但页数不足),B_123有残件不足,done,book/fuji-RB00002277/,,fujikawa,fujikawa/fuji-RB00002277,安本恭著
fuji-RB00002278,結舌編 日本·京都大學圖書館,日本·京都大學富士川文庫,overseas,ケ/110,,2,有(但页数不足),B_123有残件不足,done,book/fuji-RB00002278/,,fujikawa,fujikawa/fuji-RB00002278,安本恭著
fuji-RB00002279,結腸論 日本·京都大學圖書館,日本·京都大學富士川文庫,overseas,ケ/111,,3,有(但页数不足),B_123有残件不足,done,book/fuji-RB00002279/,,fujikawa,fujikawa/fuji-RB00002279,
fuji-RB00002280,穴法紀聞 日本·京都大學圖書館,日本·京都大學富士川文庫,overseas,ケ/112,,1,有(但页数不足),B_123有残件不足,done,book/fuji-RB00002280/,,fujikawa,fujikawa/fuji-RB00002280,山本良克著
fuji-RB00002282,穴法則 日本·京都大學圖書館,日本·京都大學富士川文庫,overseas,ケ/114,,2,有(但页数不足),B_123有残件不足,done,book/fuji-RB00002282/,,fujikawa,fujikawa/fuji-RB00002282,
fuji-RB00002283,穴名捜捷 2巻 日本·京都大學圖書館,日本·京都大學富士川文庫,overseas,ケ/115,,1,有(但页数不足),B_123有残件不足,done,book/fuji-RB00002283/,,fujikawa,fujikawa/fuji-RB00002283,藍川慎輯
fuji-RB00002284,穴名捜捷 2巻 日本·京都大學圖書館,日本·京都大學富士川文庫,overseas,ケ/175,,5,有(但页数不足),B_123有残件不足,done,book/fuji-RB00002284/,,fujikawa,fujikawa/fuji-RB00002284,藍川慎輯
fuji-RB00002287,結網録 1巻 日本·京都大學圖書館,日本·京都大學富士川文庫,overseas,ケ/178,,3,有(但页数不足),B_123有残件不足,done,book/fuji-RB00002287/,,fujikawa,fujikawa/fuji-RB00002287,山田椿庭(業広)編
fuji-RB00002296,原機啓微 2巻附1巻 日本·京都大學圖書館,日本·京都大學富士川文庫,overseas,ケ/122,,2,有(但页数不足),B_123有残件不足,done,book/fuji-RB00002296/,,fujikawa,fujikawa/fuji-RB00002296,(明)薛巳撰
fuji-RB00002298,見宜家雑録 日本·京都大學圖書館,日本·京都大學富士川文庫,overseas,ケ/120,,4,有(但页数不足),B_123有残件不足,done,book/fuji-RB00002298/,,fujikawa,fujikawa/fuji-RB00002298,古林見宜(正温)著
fuji-RB00002299,見宜家流切紙 日本·京都大學圖書館,日本·京都大學富士川文庫,overseas,ケ/121,,2,有(但页数不足),B_123有残件不足,done,book/fuji-RB00002299/,,fujikawa,fujikawa/fuji-RB00002299,古林見宜(正温)著
fuji-RB00002300,見宣製剤記 日本·京都大學圖書館,日本·京都大學富士川文庫,overseas,ケ/123,,3,有(但页数不足),B_123有残件不足,done,book/fuji-RB00002300/,,fujikawa,fujikawa/fuji-RB00002300,古林見宜(正温)著
fuji-RB00002301,玄渓先生口授 日本·京都大學圖書館,日本·京都大學富士川文庫,overseas,ケ/124,,2,有(但页数不足),B_123有残件不足,done,book/fuji-RB00002301/,,fujikawa,fujikawa/fuji-RB00002301,渡辺玄渓著
fuji-RB00002303,験効方 日本·京都大學圖書館,日本·京都大學富士川文庫,overseas,ケ/126,,1,有(但页数不足),B_123有残件不足,done,book/fuji-RB00002303/,,fujikawa,fujikawa/fuji-RB00002303,
fuji-RB00002305,乾坤生意 2巻附1巻 日本·京都大學圖書館,日本·京都大學富士川文庫,overseas,ケ/125,,4,有(但页数不足),B_123有残件不足,done,book/fuji-RB00002305/,,fujikawa,fujikawa/fuji-RB00002305,(明)寧献王(権)
fuji-RB00002306,拳斎詩稿 日本·京都大學圖書館,日本·京都大學富士川文庫,overseas,ケ/127,,3,有(但页数不足),B_123有残件不足,done,book/fuji-RB00002306/,,fujikawa,fujikawa/fuji-RB00002306,
fuji-RB00002307,憲治烏喿 2巻 日本·京都大學圖書館,日本·京都大學富士川文庫,overseas,ケ/140,,2,有(但页数不足),B_123有残件不足,done,book/fuji-RB00002307/,,fujikawa,fujikawa/fuji-RB00002307,岡敬安(吉)著
fuji-RB00002308,憲治烏喿 2巻 日本·京都大學圖書館,日本·京都大學富士川文庫,overseas,ケ/141,,6,有(但页数不足),B_123有残件不足,done,book/fuji-RB00002308/,,fujikawa,fujikawa/fuji-RB00002308,岡敬安(吉)著
fuji-RB00002311,建殊録 日本·京都大學圖書館,日本·京都大學富士川文庫,overseas,ケ/130,,3,有(但页数不足),B_123有残件不足,done,book/fuji-RB00002311/,,fujikawa,fujikawa/fuji-RB00002311,吉益東洞著
fuji-RB00002316,検尿必携 日本·京都大學圖書館,日本·京都大學富士川文庫,overseas,ケ/142,,4,有(但页数不足),B_123有残件不足,done,book/fuji-RB00002316/,,fujikawa,fujikawa/fuji-RB00002316,石塚左玄著
fuji-RB00002317,検尿要訣 日本·京都大學圖書館,日本·京都大學富士川文庫,overseas,ケ/143,,2,有(但页数不足),B_123有残件不足,done,book/fuji-RB00002317/,,fujikawa,fujikawa/fuji-RB00002317,足立寛訳
fuji-RB00002320,懸嚢医案 日本·京都大學圖書館,日本·京都大學富士川文庫,overseas,ケ/146,,1,有(但页数不足),B_123有残件不足,done,book/fuji-RB00002320/,,fujikawa,fujikawa/fuji-RB00002320,高取忠著
fuji-RB00002323,(日講記聞)原病学各論 18巻(巻9欠) 日本·京都大學圖書館,日本·京都大學富士川文庫,overseas,ケ/149,,2,有(但页数不足),B_123有残件不足,done,book/fuji-RB00002323/,,fujikawa,fujikawa/fuji-RB00002323,(蘭)越爾蔑嗹斯述・三瀬周三(諸淵)・高橋正純訳・岡沢貞一郎校
fuji-RB00002326,玄門脈訣内照図 1巻 日本·京都大學圖書館,日本·京都大學富士川文庫,overseas,ケ/159,,2,有(但页数不足),B_123有残件不足,done,book/fuji-RB00002326/,,fujikawa,fujikawa/fuji-RB00002326,(魏)華陀編
fuji-RB00002327,遣問録 日本·京都大學圖書館,日本·京都大學富士川文庫,overseas,ケ/160,,2,有(但页数不足),B_123有残件不足,done,book/fuji-RB00002327/,,fujikawa,fujikawa/fuji-RB00002327,(明)滑寿(伯仁)撰
fuji-RB00002328,玄冶方考 3巻 日本·京都大學圖書館,日本·京都大學富士川文庫,overseas,ケ/154,,3,有(但页数不足),B_123有残件不足,done,book/fuji-RB00002328/,,fujikawa,fujikawa/fuji-RB00002328,岡本玄冶著
fuji-RB00002329,玄冶方考 3巻 日本·京都大學圖書館,日本·京都大學富士川文庫,overseas,ケ/155,,4,有(但页数不足),B_123有残件不足,done,book/fuji-RB00002329/,,fujikawa,fujikawa/fuji-RB00002329,岡本玄冶著
fuji-RB00002330,玄冶目附之書 2巻 日本·京都大學圖書館,日本·京都大學富士川文庫,overseas,ケ/156,,3,有(但页数不足),B_123有残件不足,done,book/fuji-RB00002330/,,fujikawa,fujikawa/fuji-RB00002330,岡本玄冶著
fuji-RB00002333,玄冶薬方口解 日本·京都大學圖書館,日本·京都大學富士川文庫,overseas,ケ/158,,3,有(但页数不足),B_123有残件不足,done,book/fuji-RB00002333/,,fujikawa,fujikawa/fuji-RB00002333,岡本玄冶著
fuji-RB00002336,元和紀用経 日本·京都大學圖書館,日本·京都大學富士川文庫,overseas,ケ/138,,6,有(但页数不足),B_123有残件不足,done,book/fuji-RB00002336/,,fujikawa,fujikawa/fuji-RB00002336,(唐)王氷撰
fuji-RB00002337,古医道治則略注 日本·京都大學圖書館,日本·京都大學富士川文庫,overseas,コ/1,,2,有(但页数不足),B_123有残件不足,done,book/fuji-RB00002337/,,fujikawa,fujikawa/fuji-RB00002337,権田直助(年助)講説・早川精一等筆記
fuji-RB00002340,古医道腹症図彙 日本·京都大學圖書館,日本·京都大學富士川文庫,overseas,コ/4,,2,有(但页数不足),B_123有残件不足,done,book/fuji-RB00002340/,,fujikawa,fujikawa/fuji-RB00002340,
fuji-RB00002342,古医方晰義 5巻 日本·京都大學圖書館,日本·京都大學富士川文庫,overseas,コ/8,,6,有(但页数不足),B_123有残件不足,done,book/fuji-RB00002342/,,fujikawa,fujikawa/fuji-RB00002342,児島宗説口授・児島雲琳筆記
fuji-RB00002344,古医法発蒙 巻3のみ 日本·京都大學圖書館,日本·京都大學富士川文庫,overseas,コ/10,,1,有(但页数不足),B_123有残件不足,done,book/fuji-RB00002344/,,fujikawa,fujikawa/fuji-RB00002344,加賀山翼著
fuji-RB00002345,梧陰雑記余 日本·京都大學圖書館,日本·京都大學富士川文庫,overseas,コ/5,,3,有(但页数不足),B_123有残件不足,done,book/fuji-RB00002345/,,fujikawa,fujikawa/fuji-RB00002345,清川梧陰著
fuji-RB00002346,梧陰銷間雑記 2巻 日本·京都大學圖書館,日本·京都大學富士川文庫,overseas,コ/6,,2,有(但页数不足),B_123有残件不足,done,book/fuji-RB00002346/,,fujikawa,fujikawa/fuji-RB00002346,清川梧陰著
fuji-RB00002347,行医八事図 日本·京都大學圖書館,日本·京都大學富士川文庫,overseas,コ/136,,3,有(但页数不足),B_123有残件不足,done,book/fuji-RB00002347/,,fujikawa,fujikawa/fuji-RB00002347,丁雄飛撰
fuji-RB00002348,広益妙法集 日本·京都大學圖書館,日本·京都大學富士川文庫,overseas,コ/138,,1,有(但页数不足),B_123有残件不足,done,book/fuji-RB00002348/,,fujikawa,fujikawa/fuji-RB00002348,五大菴可一著
fuji-RB00002353,口科叢書 日本·京都大學圖書館,日本·京都大學富士川文庫,overseas,コ/142,,3,有(但页数不足),B_123有残件不足,done,book/fuji-RB00002353/,,fujikawa,fujikawa/fuji-RB00002353,
fuji-RB00002357,広恵済急方 3巻 日本·京都大學圖書館,日本·京都大學富士川文庫,overseas,コ/146,,1,有(但页数不足),B_123有残件不足,done,book/fuji-RB00002357/,,fujikawa,fujikawa/fuji-RB00002357,多紀元徳(藍渓)編・多紀元簡(櫟窓)校
fuji-RB00002359,肯綮録 日本·京都大學圖書館,日本·京都大學富士川文庫,overseas,コ/147,,4,有(但页数不足),B_123有残件不足,done,book/fuji-RB00002359/,,fujikawa,fujikawa/fuji-RB00002359,宮崎彜(立元)著
fuji-RB00002362,皇国医林伝 1巻 日本·京都大學圖書館,日本·京都大學富士川文庫,overseas,コ/225,,2,有(但页数不足),B_123有残件不足,done,book/fuji-RB00002362/,,fujikawa,fujikawa/fuji-RB00002362,畑惟龍著
fuji-RB00002365,攷痧壷斑 日本·京都大學圖書館,日本·京都大學富士川文庫,overseas,コ/155,,1,有(但页数不足),B_123有残件不足,done,book/fuji-RB00002365/,,fujikawa,fujikawa/fuji-RB00002365,石上淳著
fuji-RB00002366,広参説 日本·京都大學圖書館,日本·京都大學富士川文庫,overseas,コ/42,,1,有(但页数不足),B_123有残件不足,done,book/fuji-RB00002366/,,fujikawa,fujikawa/fuji-RB00002366,小野蘭山(職博)著
fuji-RB00002368,香字抄 2巻 日本·京都大學圖書館,日本·京都大學富士川文庫,overseas,コ/152,,2,有(但页数不足),B_123有残件不足,done,book/fuji-RB00002368/,,fujikawa,fujikawa/fuji-RB00002368,
fuji-RB00002369,敖氏傷寒金鏡録 日本·京都大學圖書館,日本·京都大學富士川文庫,overseas,コ/153,,2,有(但页数不足),B_123有残件不足,done,book/fuji-RB00002369/,,fujikawa,fujikawa/fuji-RB00002369,敖氏原、杜清碧著、薛巳校、未明閲
fuji-RB00002370,敖氏傷寒金鏡録 日本·京都大學圖書館,日本·京都大學富士川文庫,overseas,シ/257,,6,有(但页数不足),B_123有残件不足,done,book/fuji-RB00002370/,,fujikawa,fujikawa/fuji-RB00002370,(元)杜本著・(明)薛巳校
fuji-RB00002372,工私貌爾觚 30巻 日本·京都大學圖書館,日本·京都大學富士川文庫,overseas,コ/154,,1,有(但页数不足),B_123有残件不足,done,book/fuji-RB00002372/,,fujikawa,fujikawa/fuji-RB00002372,
fuji-RB00002375,黄鐘録 2巻 日本·京都大學圖書館,日本·京都大學富士川文庫,overseas,コ/157,,1,有(但页数不足),B_123有残件不足,done,book/fuji-RB00002375/,,fujikawa,fujikawa/fuji-RB00002375,山崎克明著
fuji-RB00002377,口歯類要 日本·京都大學圖書館,日本·京都大學富士川文庫,overseas,コ/158,,2,有(但页数不足),B_123有残件不足,done,book/fuji-RB00002377/,,fujikawa,fujikawa/fuji-RB00002377,(明)薛巳撰
fuji-RB00002378,項髄疫説 日本·京都大學圖書館,日本·京都大學富士川文庫,overseas,コ/159,,4,有(但页数不足),B_123有残件不足,done,book/fuji-RB00002378/,,fujikawa,fujikawa/fuji-RB00002378,(独)カンスタット著・(蘭)ジュッソー訳・新宮涼民(義慎)・新宮涼閣(義健)重訳
fuji-RB00002381,好生緒言 2巻 日本·京都大學圖書館,日本·京都大學富士川文庫,overseas,コ/229,,2,有(但页数不足),B_123有残件不足,done,book/fuji-RB00002381/,,fujikawa,fujikawa/fuji-RB00002381,賀屋敬(恭安)著
fuji-RB00002385,香泉日鈔 日本·京都大學圖書館,日本·京都大學富士川文庫,overseas,コ/165,,3,有(但页数不足),B_123有残件不足,done,book/fuji-RB00002385/,,fujikawa,fujikawa/fuji-RB00002385,多紀元胤(柳沜)抄録
fuji-RB00002386,栲窓医考 1巻 日本·京都大學圖書館,日本·京都大學富士川文庫,overseas,コ/230,,4,有(但页数不足),B_123有残件不足,done,book/fuji-RB00002386/,,fujikawa,fujikawa/fuji-RB00002386,喜多村栲窓(直寛)著
fuji-RB00002387,行蔵居方林 日本·京都大學圖書館,日本·京都大學富士川文庫,overseas,コ/168,,1,有(但页数不足),B_123有残件不足,done,book/fuji-RB00002387/,,fujikawa,fujikawa/fuji-RB00002387,
fuji-RB00002391,口中科伝書 日本·京都大學圖書館,日本·京都大學富士川文庫,overseas,コ/170,,4,有(但页数不足),B_123有残件不足,done,book/fuji-RB00002391/,,fujikawa,fujikawa/fuji-RB00002391,
fuji-RB00002392,口中之書 日本·京都大學圖書館,日本·京都大學富士川文庫,overseas,コ/171,,3,有(但页数不足),B_123有残件不足,done,book/fuji-RB00002392/,,fujikawa,fujikawa/fuji-RB00002392,
fuji-RB00002394,〔口中病症図〕 日本·京都大學圖書館,日本·京都大學富士川文庫,overseas,コ/243,,1,有(但页数不足),B_123有残件不足,done,book/fuji-RB00002394/,,fujikawa,fujikawa/fuji-RB00002394,
fuji-RB00002395,口中備要方 日本·京都大學圖書館,日本·京都大學富士川文庫,overseas,コ/172,,6,有(但页数不足),B_123有残件不足,done,book/fuji-RB00002395/,,fujikawa,fujikawa/fuji-RB00002395,
fuji-RB00002399,皇朝医史 2巻 日本·京都大學圖書館,日本·京都大學富士川文庫,overseas,コ/226,,4,有(但页数不足),B_123有残件不足,done,book/fuji-RB00002399/,,fujikawa,fujikawa/fuji-RB00002399,浅田惟庸(直民)著
fuji-RB00002400,皇朝諸家治験集要 3巻 日本·京都大學圖書館,日本·京都大學富士川文庫,overseas,コ/227,,4,有(但页数不足),B_123有残件不足,done,book/fuji-RB00002400/,,fujikawa,fujikawa/fuji-RB00002400,山田椿庭(業広)著
fuji-RB00002402,黄帝蝦蟇経 日本·京都大學圖書館,日本·京都大學富士川文庫,overseas,コ/175,,3,有(但页数不足),B_123有残件不足,done,book/fuji-RB00002402/,,fujikawa,fujikawa/fuji-RB00002402,多紀元胤(柳沜)輯
fuji-RB00002404,黄帝蝦蟇経 日本·京都大學圖書館,日本·京都大學富士川文庫,overseas,コ/177,,1,有(但页数不足),B_123有残件不足,done,book/fuji-RB00002404/,,fujikawa,fujikawa/fuji-RB00002404,多紀元胤(柳沜)輯
fuji-RB00002410,黄帝内経素問講義 12巻(巻1欠) 日本·京都大學圖書館,日本·京都大學富士川文庫,overseas,コ/181,,4,有(但页数不足),B_123有残件不足,done,book/fuji-RB00002410/,,fujikawa,fujikawa/fuji-RB00002410,喜多村栲窓(直寛、士栗)
fuji-RB00002411,黄帝内経素問呉註 24巻 日本·京都大學圖書館,日本·京都大學富士川文庫,overseas,ソ/37,,5,有(但页数不足),B_123有残件不足,done,book/fuji-RB00002411/,,fujikawa,fujikawa/fuji-RB00002411,(明)呉崑註
fuji-RB00002414,黄帝内経素問要語 9巻序目1巻 日本·京都大學圖書館,日本·京都大學富士川文庫,overseas,コ/183,,2,有(但页数不足),B_123有残件不足,done,book/fuji-RB00002414/,,fujikawa,fujikawa/fuji-RB00002414,竹中敬(通庵)集註・竹中通軒・山田巽等校
fuji-RB00002415,黄帝内経明堂 巻1 日本·京都大學圖書館,日本·京都大學富士川文庫,overseas,コ/184,,1,有(但页数不足),B_123有残件不足,done,book/fuji-RB00002415/,,fujikawa,fujikawa/fuji-RB00002415,(唐)揚上善
fuji-RB00002418,黄帝内経霊枢要語 9巻(巻1欠) 日本·京都大學圖書館,日本·京都大學富士川文庫,overseas,コ/187,,3,有(但页数不足),B_123有残件不足,done,book/fuji-RB00002418/,,fujikawa,fujikawa/fuji-RB00002418,竹中敬(通庵)集註・竹中通軒・山田巽等校
fuji-RB00002420,口病秘訣 日本·京都大學圖書館,日本·京都大學富士川文庫,overseas,コ/192,,4,有(但页数不足),B_123有残件不足,done,book/fuji-RB00002420/,,fujikawa,fujikawa/fuji-RB00002420,間中一安伝
fuji-RB00002421,口病療法秘伝書 日本·京都大學圖書館,日本·京都大學富士川文庫,overseas,コ/193,,3,有(但页数不足),B_123有残件不足,done,book/fuji-RB00002421/,,fujikawa,fujikawa/fuji-RB00002421,
fuji-RB00002423,黄扁性理真誥 日本·京都大學圖書館,日本·京都大學富士川文庫,overseas,コ/194,,1,有(但页数不足),B_123有残件不足,done,book/fuji-RB00002423/,,fujikawa,fujikawa/fuji-RB00002423,味岡三伯著
fuji-RB00002426,効方集 日本·京都大學圖書館,日本·京都大學富士川文庫,overseas,コ/231,,1,有(但页数不足),B_123有残件不足,done,book/fuji-RB00002426/,,fujikawa,fujikawa/fuji-RB00002426,
fuji-RB00002427,膏方便覧 日本·京都大學圖書館,日本·京都大學富士川文庫,overseas,コ/197,,2,有(但页数不足),B_123有残件不足,done,book/fuji-RB00002427/,,fujikawa,fujikawa/fuji-RB00002427,華岡青洲(震)著
fuji-RB00002431,恒民粋 5巻(巻3欠) 日本·京都大學圖書館,日本·京都大學富士川文庫,overseas,コ/199,,3,有(但页数不足),B_123有残件不足,done,book/fuji-RB00002431/,,fujikawa,fujikawa/fuji-RB00002431,
fuji-RB00002435,紅毛膏方 日本·京都大學圖書館,日本·京都大學富士川文庫,overseas,コ/206,,2,有(但页数不足),B_123有残件不足,done,book/fuji-RB00002435/,,fujikawa,fujikawa/fuji-RB00002435,吉雄耕牛(永章)述・沢遜撰次
fuji-RB00002436,紅毛膏薬方 日本·京都大學圖書館,日本·京都大學富士川文庫,overseas,コ/232,,2,有(但页数不足),B_123有残件不足,done,book/fuji-RB00002436/,,fujikawa,fujikawa/fuji-RB00002436,吉雄耕牛(永章)述
fuji-RB00002441,紅毛秘伝外科療治集 5巻 日本·京都大學圖書館,日本·京都大學富士川文庫,overseas,コ/208,,2,有(但页数不足),B_123有残件不足,done,book/fuji-RB00002441/,,fujikawa,fujikawa/fuji-RB00002441,中村宗璵著
fuji-RB00002442,紅毛油薬方 日本·京都大學圖書館,日本·京都大學富士川文庫,overseas,コ/202,,2,有(但页数不足),B_123有残件不足,done,book/fuji-RB00002442/,,fujikawa,fujikawa/fuji-RB00002442,
fuji-RB00002443,紅毛流膏薬方 日本·京都大學圖書館,日本·京都大學富士川文庫,overseas,コ/235,,3,有(但页数不足),B_123有残件不足,done,book/fuji-RB00002443/,,fujikawa,fujikawa/fuji-RB00002443,吉雄耕牛(永章)訳・桜井育万校
fuji-RB00002447,香薬抄 2巻 日本·京都大學圖書館,日本·京都大學富士川文庫,overseas,コ/209,,2,有(但页数不足),B_123有残件不足,done,book/fuji-RB00002447/,,fujikawa,fujikawa/fuji-RB00002447,
fuji-RB00002449,公余医録 日本·京都大學圖書館,日本·京都大學富士川文庫,overseas,シ/50,,1,有(但页数不足),B_123有残件不足,done,book/fuji-RB00002449/,,fujikawa,fujikawa/fuji-RB00002449,(明)陳念祖(修園)撰
fuji-RB00002450,香要鈔 日本·京都大學圖書館,日本·京都大學富士川文庫,overseas,コ/211,,2,有(但页数不足),B_123有残件不足,done,book/fuji-RB00002450/,,fujikawa,fujikawa/fuji-RB00002450,
fuji-RB00002451,孔楽実症考学 写 和大 日本·京都大學圖書館,日本·京都大學富士川文庫,overseas,コ/212,,2,有(但页数不足),B_123有残件不足,done,book/fuji-RB00002451/,,fujikawa,fujikawa/fuji-RB00002451,
fuji-RB00002453,合類経験秘録 6巻 日本·京都大學圖書館,日本·京都大學富士川文庫,overseas,コ/213,,3,有(但页数不足),B_123有残件不足,done,book/fuji-RB00002453/,,fujikawa,fujikawa/fuji-RB00002453,御厨景恒編
fuji-RB00002455,合類鍼法奇貨 5巻 日本·京都大學圖書館,日本·京都大學富士川文庫,overseas,コ/214,,1,有(但页数不足),B_123有残件不足,done,book/fuji-RB00002455/,,fujikawa,fujikawa/fuji-RB00002455,渡辺秀富著
fuji-RB00002465,古易察病伝 日本·京都大學圖書館,日本·京都大學富士川文庫,overseas,コ/12,,1,有(但页数不足),B_123有残件不足,done,book/fuji-RB00002465/,,fujikawa,fujikawa/fuji-RB00002465,新井白蛾(祐登)伝・(僧)便道筆記
fuji-RB00002468,古易病断 2巻 日本·京都大學圖書館,日本·京都大學富士川文庫,overseas,コ/15,,3,有(但页数不足),B_123有残件不足,done,book/fuji-RB00002468/,,fujikawa,fujikawa/fuji-RB00002468,新井白蛾(祐登)著
fuji-RB00002469,五家方函 日本·京都大學圖書館,日本·京都大學富士川文庫,overseas,コ/16,,5,有(但页数不足),B_123有残件不足,done,book/fuji-RB00002469/,,fujikawa,fujikawa/fuji-RB00002469,
fuji-RB00002472,五急活法 日本·京都大學圖書館,日本·京都大學富士川文庫,overseas,コ/19,,4,有(但页数不足),B_123有残件不足,done,book/fuji-RB00002472/,,fujikawa,fujikawa/fuji-RB00002472,度会常辰著
fuji-RB00002473,嘘吸説 1巻附2巻 日本·京都大學圖書館,日本·京都大學富士川文庫,overseas,コ/20,,4,有(但页数不足),B_123有残件不足,done,book/fuji-RB00002473/,,fujikawa,fujikawa/fuji-RB00002473,鈴木正誼編
fuji-RB00002474,〔五行医書〕 日本·京都大學圖書館,日本·京都大學富士川文庫,overseas,コ/240,,3,有(但页数不足),B_123有残件不足,done,book/fuji-RB00002474/,,fujikawa,fujikawa/fuji-RB00002474,
fuji-RB00002479,国字演義医王耆娑伝 5巻 日本·京都大學圖書館,日本·京都大學富士川文庫,overseas,ツ/3,,4,有(但页数不足),B_123有残件不足,done,book/fuji-RB00002479/,,fujikawa,fujikawa/fuji-RB00002479,鹿鳴野人(都賀庭鐘)訳・白沙後生校
fuji-RB00002483,国字痘疹戒草 3巻 日本·京都大學圖書館,日本·京都大學富士川文庫,overseas,コ/23,,2,有(但页数不足),B_123有残件不足,done,book/fuji-RB00002483/,,fujikawa,fujikawa/fuji-RB00002483,池田独美(錦橋)著
fuji-RB00002493,古今医書目録 4巻 日本·京都大學圖書館,日本·京都大學富士川文庫,overseas,コ/218,,2,有(但页数不足),B_123有残件不足,done,book/fuji-RB00002493/,,fujikawa,fujikawa/fuji-RB00002493,大高知道(元喆)編
fuji-RB00002494,古今医統大全 100巻 日本·京都大學圖書館,日本·京都大學富士川文庫,overseas,コ/28,,2,有(但页数不足),B_123有残件不足,done,book/fuji-RB00002494/,,fujikawa,fujikawa/fuji-RB00002494,(明)徐春甫撰
fuji-RB00002498,古今精選眼科方筌 2巻 日本·京都大學圖書館,日本·京都大學富士川文庫,overseas,コ/31,,5,有(但页数不足),B_123有残件不足,done,book/fuji-RB00002498/,,fujikawa,fujikawa/fuji-RB00002498,中目道珣著
fuji-RB00002499,古今導引集 2巻 日本·京都大學圖書館,日本·京都大學富士川文庫,overseas,コ/32,,1,有(但页数不足),B_123有残件不足,done,book/fuji-RB00002499/,,fujikawa,fujikawa/fuji-RB00002499,大久保道古編・宮脇仲策(養陽子)校
fuji-RB00002500,古今病名考 巻3のみ 日本·京都大學圖書館,日本·京都大學富士川文庫,overseas,コ/216,,3,有(但页数不足),B_123有残件不足,done,book/fuji-RB00002500/,,fujikawa,fujikawa/fuji-RB00002500,
fuji-RB00002502,(重訂)古今方彙 日本·京都大學圖書館,日本·京都大學富士川文庫,overseas,コ/34,,2,有(但页数不足),B_123有残件不足,done,book/fuji-RB00002502/,,fujikawa,fujikawa/fuji-RB00002502,甲賀通元(健斎)校・望月三英(乗)重訂
fuji-RB00002506,古今幼科摘要 日本·京都大學圖書館,日本·京都大學富士川文庫,overseas,コ/38,,4,有(但页数不足),B_123有残件不足,done,book/fuji-RB00002506/,,fujikawa,fujikawa/fuji-RB00002506,下津寿泉著
fuji-RB00002508,古今養性録 15巻序目1巻 日本·京都大學圖書館,日本·京都大學富士川文庫,overseas,コ/40,,1,有(但页数不足),B_123有残件不足,done,book/fuji-RB00002508/,,fujikawa,fujikawa/fuji-RB00002508,竹中敬(通庵)撰・竹中厚編次・山田巽校正
fuji-RB00002514,胡椒説 日本·京都大學圖書館,日本·京都大學富士川文庫,overseas,コ/45,,2,有(但页数不足),B_123有残件不足,done,book/fuji-RB00002514/,,fujikawa,fujikawa/fuji-RB00002514,足立長雋著
fuji-RB00002515,古診脈説 日本·京都大學圖書館,日本·京都大學富士川文庫,overseas,コ/46,,3,有(但页数不足),B_123有残件不足,done,book/fuji-RB00002515/,,fujikawa,fujikawa/fuji-RB00002515,岡宗益(寿道)著
fuji-RB00002526,五蔵論 日本·京都大學圖書館,日本·京都大學富士川文庫,overseas,コ/57,,2,有(但页数不足),B_123有残件不足,done,book/fuji-RB00002526/,,fujikawa,fujikawa/fuji-RB00002526,
fuji-RB00002528,子そだて草 日本·京都大學圖書館,日本·京都大學富士川文庫,overseas,コ/51,,2,有(但页数不足),B_123有残件不足,done,book/fuji-RB00002528/,,fujikawa,fujikawa/fuji-RB00002528,小池貞景著
fuji-RB00002530,児玉流目療法 日本·京都大學圖書館,日本·京都大學富士川文庫,overseas,コ/59,,4,有(但页数不足),B_123有残件不足,done,book/fuji-RB00002530/,,fujikawa,fujikawa/fuji-RB00002530,
fuji-RB00002540,骨経 日本·京都大學圖書館,日本·京都大學富士川文庫,overseas,コ/63,,1,有(但页数不足),B_123有残件不足,done,book/fuji-RB00002540/,,fujikawa,fujikawa/fuji-RB00002540,石坂宗哲(永教)著
fuji-RB00002545,骨度正穴考図 2巻 日本·京都大學圖書館,日本·京都大學富士川文庫,overseas,コ/65,,1,有(但页数不足),B_123有残件不足,done,book/fuji-RB00002545/,,fujikawa,fujikawa/fuji-RB00002545,岡田静黙(子成)著
fuji-RB00002546,骨度正誤図説 日本·京都大學圖書館,日本·京都大學富士川文庫,overseas,コ/66,,1,有(但页数不足),B_123有残件不足,done,book/fuji-RB00002546/,,fujikawa,fujikawa/fuji-RB00002546,村上親方(宗占)著
fuji-RB00002550,骨度要覧 日本·京都大學圖書館,日本·京都大學富士川文庫,overseas,コ/71,,4,有(但页数不足),B_123有残件不足,done,book/fuji-RB00002550/,,fujikawa,fujikawa/fuji-RB00002550,小幡玄二著
fuji-RB00002552,護痘錦嚢 4巻 日本·京都大學圖書館,日本·京都大學富士川文庫,overseas,コ/73,,4,有(但页数不足),B_123有残件不足,done,book/fuji-RB00002552/,,fujikawa,fujikawa/fuji-RB00002552,石塚尹(汶上)著
fuji-RB00002554,後藤家秘書 日本·京都大學圖書館,日本·京都大學富士川文庫,overseas,コ/75,,4,有(但页数不足),B_123有残件不足,done,book/fuji-RB00002554/,,fujikawa,fujikawa/fuji-RB00002554,
fuji-RB00002565,古方区別 日本·京都大學圖書館,日本·京都大學富士川文庫,overseas,コ/82,,2,有(但页数不足),B_123有残件不足,done,book/fuji-RB00002565/,,fujikawa,fujikawa/fuji-RB00002565,
fuji-RB00002566,(弘済館蔵方)古方験録 日本·京都大學圖書館,日本·京都大學富士川文庫,overseas,コ/83,,1,有(但页数不足),B_123有残件不足,done,book/fuji-RB00002566/,,fujikawa,fujikawa/fuji-RB00002566,
fuji-RB00002569,古方枢要 9巻 日本·京都大學圖書館,日本·京都大學富士川文庫,overseas,コ/87,,3,有(但页数不足),B_123有残件不足,done,book/fuji-RB00002569/,,fujikawa,fujikawa/fuji-RB00002569,関屋仲敏(嶺南)口授・服部由之等筆記
fuji-RB00002571,(経験)古方節義 3巻 日本·京都大學圖書館,日本·京都大學富士川文庫,overseas,コ/220,,1,有(但页数不足),B_123有残件不足,done,book/fuji-RB00002571/,,fujikawa,fujikawa/fuji-RB00002571,内島保定(伏陽)著・岡瑞鑑(土州)校
fuji-RB00002573,古方大意 日本·京都大學圖書館,日本·京都大學富士川文庫,overseas,コ/90,,1,有(但页数不足),B_123有残件不足,done,book/fuji-RB00002573/,,fujikawa,fujikawa/fuji-RB00002573,国林丈庵著
fuji-RB00002575,古方便覧 2巻 日本·京都大學圖書館,日本·京都大學富士川文庫,overseas,コ/92,,4,有(但页数不足),B_123有残件不足,done,book/fuji-RB00002575/,,fujikawa,fujikawa/fuji-RB00002575,吉益東洞(為則)校閲・六角重任(毅夫)筆記
fuji-RB00002582,古方薬品目録 日本·京都大學圖書館,日本·京都大學富士川文庫,overseas,コ/100,,1,有(但页数不足),B_123有残件不足,done,book/fuji-RB00002582/,,fujikawa,fujikawa/fuji-RB00002582,
fuji-RB00002586,古脈法図解 日本·京都大學圖書館,日本·京都大學富士川文庫,overseas,コ/104,,2,有(但页数不足),B_123有残件不足,done,book/fuji-RB00002586/,,fujikawa,fujikawa/fuji-RB00002586,村山維益著
fuji-RB00002592,革列亜没爾爸斯説 日本·京都大學圖書館,日本·京都大學富士川文庫,overseas,コ/106,,3,有(但页数不足),B_123有残件不足,done,book/fuji-RB00002592/,,fujikawa,fujikawa/fuji-RB00002592,(バタビア国)勃微爾著・宇田川榕菴(榕)訳
fuji-RB00002595,コレラ病論 前編のみ 日本·京都大學圖書館,日本·京都大學富士川文庫,overseas,コ/109,,1,有(但页数不足),B_123有残件不足,done,book/fuji-RB00002595/,,fujikawa,fujikawa/fuji-RB00002595,新宮涼民(義慎)・大村恭・新宮涼閣(義健)著
fuji-RB00002600,可列刺莫児蒲期経験 日本·京都大學圖書館,日本·京都大學富士川文庫,overseas,カ/189,,2,有(但页数不足),B_123有残件不足,done,book/fuji-RB00002600/,,fujikawa,fujikawa/fuji-RB00002600,
fuji-RB00002616,(安政)箇労痢流行記 日本·京都大學圖書館,日本·京都大學富士川文庫,overseas,コ/120,,3,有(但页数不足),B_123有残件不足,done,book/fuji-RB00002616/,,fujikawa,fujikawa/fuji-RB00002616,金屯道人(仮名垣魯文)著
fuji-RB00002617,(安政)箇労痢流行記 日本·京都大學圖書館,日本·京都大學富士川文庫,overseas,コ/121,,3,有(但页数不足),B_123有残件不足,done,book/fuji-RB00002617/,,fujikawa,fujikawa/fuji-RB00002617,金屯道人(仮名垣魯文)著
fuji-RB00002618,虎狼痢療法抄 日本·京都大學圖書館,日本·京都大學富士川文庫,overseas,コ/122,,2,有(但页数不足),B_123有残件不足,done,book/fuji-RB00002618/,,fujikawa,fujikawa/fuji-RB00002618,緒方洪菴(章)抄訳
fuji-RB00002620,困学医言続編 日本·京都大學圖書館,日本·京都大學富士川文庫,overseas,コ/124,,1,有(但页数不足),B_123有残件不足,done,book/fuji-RB00002620/,,fujikawa,fujikawa/fuji-RB00002620,石塚尹喜淑(尹、汶上)編
fuji-RB00002626,艮山吉益養寿院経験方 日本·京都大學圖書館,日本·京都大學富士川文庫,overseas,コ/131,,1,有(但页数不足),B_123有残件不足,done,book/fuji-RB00002626/,,fujikawa,fujikawa/fuji-RB00002626,
fuji-RB00002639,済世三方 3巻 日本·京都大學圖書館,日本·京都大學富士川文庫,overseas,サ/9,,1,有(但页数不足),B_123有残件不足,done,book/fuji-RB00002639/,,fujikawa,fujikawa/fuji-RB00002639,(独)フーヘランド著・(蘭)ハーゲマン訳・杉田信(成卿)重訳
fuji-RB00002640,済世速効方 日本·京都大學圖書館,日本·京都大學富士川文庫,overseas,サ/11,,2,有(但页数不足),B_123有残件不足,done,book/fuji-RB00002640/,,fujikawa,fujikawa/fuji-RB00002640,古林見宜(正温)著
fuji-RB00002641,済生備考 2巻 日本·京都大學圖書館,日本·京都大學富士川文庫,overseas,サ/12,,1,有(但页数不足),B_123有残件不足,done,book/fuji-RB00002641/,,fujikawa,fujikawa/fuji-RB00002641,杉田成卿(信)著
fuji-RB00002646,採品録 日本·京都大學圖書館,日本·京都大學富士川文庫,overseas,サ/14,,3,有(但页数不足),B_123有残件不足,done,book/fuji-RB00002646/,,fujikawa,fujikawa/fuji-RB00002646,小野蘭山著・喜多村槐園(直)・成田三郎補
fuji-RB00002648,済民記 3巻 日本·京都大學圖書館,日本·京都大學富士川文庫,overseas,サ/19,,2,有(但页数不足),B_123有残件不足,done,book/fuji-RB00002648/,,fujikawa,fujikawa/fuji-RB00002648,曲直瀬道三著
fuji-RB00002650,済民日用大全 日本·京都大學圖書館,日本·京都大學富士川文庫,overseas,サ/21,,4,有(但页数不足),B_123有残件不足,done,book/fuji-RB00002650/,,fujikawa,fujikawa/fuji-RB00002650,太田春斎著
fuji-RB00002665,雑記 日本·京都大學圖書館,日本·京都大學富士川文庫,overseas,サ/31,,2,有(但页数不足),B_123有残件不足,done,book/fuji-RB00002665/,,fujikawa,fujikawa/fuji-RB00002665,秦宗巴著
fuji-RB00002666,雑書 日本·京都大學圖書館,日本·京都大學富士川文庫,overseas,サ/32,,3,有(但页数不足),B_123有残件不足,done,book/fuji-RB00002666/,,fujikawa,fujikawa/fuji-RB00002666,
fuji-RB00002676,雑病考 2巻 日本·京都大學圖書館,日本·京都大學富士川文庫,overseas,サ/40,,1,有(但页数不足),B_123有残件不足,done,book/fuji-RB00002676/,,fujikawa,fujikawa/fuji-RB00002676,広岡文台口授
fuji-RB00002688,察病須知 日本·京都大學圖書館,日本·京都大學富士川文庫,overseas,サ/50,,3,有(但页数不足),B_123有残件不足,done,book/fuji-RB00002688/,,fujikawa,fujikawa/fuji-RB00002688,南部樸(海蔵)編
fuji-RB00002689,察病須知 日本·京都大學圖書館,日本·京都大學富士川文庫,overseas,サ/177,,4,有(但页数不足),B_123有残件不足,done,book/fuji-RB00002689/,,fujikawa,fujikawa/fuji-RB00002689,南部樸(海蔵)編
fuji-RB00002697,雑病弁要 2巻 日本·京都大學圖書館,日本·京都大學富士川文庫,overseas,サ/60,,2,有(但页数不足),B_123有残件不足,done,book/fuji-RB00002697/,,fujikawa,fujikawa/fuji-RB00002697,浅田宗伯(惟常)著
fuji-RB00002714,左伝医事抜鈔 日本·京都大學圖書館,日本·京都大學富士川文庫,overseas,サ/70,,1,有(但页数不足),B_123有残件不足,done,book/fuji-RB00002714/,,fujikawa,fujikawa/fuji-RB00002714,
fuji-RB00002745,産家成解 日本·京都大學圖書館,日本·京都大學富士川文庫,overseas,サ/98,,5,有(但页数不足),B_123有残件不足,done,book/fuji-RB00002745/,,fujikawa,fujikawa/fuji-RB00002745,兼児元隣著
fuji-RB00002797,産前産後秘伝書 1巻 日本·京都大學圖書館,日本·京都大學富士川文庫,overseas,サ/190,,1,有(但页数不足),B_123有残件不足,done,book/fuji-RB00002797/,,fujikawa,fujikawa/fuji-RB00002797,
fuji-RB00002822,産方保護 日本·京都大學圖書館,日本·京都大學富士川文庫,overseas,サ/162,,3,有(但页数不足),B_123有残件不足,done,book/fuji-RB00002822/,,fujikawa,fujikawa/fuji-RB00002822,梅田知之著
fuji-RB00002848,四花膏盲図説 日本·京都大學圖書館,日本·京都大學富士川文庫,overseas,シ/3,,3,有(但页数不足),B_123有残件不足,done,book/fuji-RB00002848/,,fujikawa,fujikawa/fuji-RB00002848,春鶴堂主人編
fuji-RB00002875,自準亭雑識 2巻 日本·京都大學圖書館,日本·京都大學富士川文庫,overseas,シ/23,,4,有(但页数不足),B_123有残件不足,done,book/fuji-RB00002875/,,fujikawa,fujikawa/fuji-RB00002875,本間棗軒(救)口授
fuji-RB00004806,筆花墨雨楼雑稿 日本·京都大學圖書館,日本·京都大學富士川文庫,overseas,ヒ/13,,2,有(但页数不足),B_123有残件不足,done,book/fuji-RB00004806/,,fujikawa,fujikawa/fuji-RB00004806,富士川游著
fuji-RB00004909,普救類方 7巻 日本·京都大學圖書館,日本·京都大學富士川文庫,overseas,フ/3,,4,有(但页数不足),B_123有残件不足,done,book/fuji-RB00004909/,,fujikawa,fujikawa/fuji-RB00004909,林良適・丹羽正伯著
fuji-RB00004935,(浅井南溟先生)腹診伝 2巻 日本·京都大學圖書館,日本·京都大學富士川文庫,overseas,フ/31,,6,有(但页数不足),B_123有残件不足,done,book/fuji-RB00004935/,,fujikawa,fujikawa/fuji-RB00004935,
fuji-RB00004956,服用薬帖 日本·京都大學圖書館,日本·京都大學富士川文庫,overseas,フ/50,,4,有(但页数不足),B_123有残件不足,done,book/fuji-RB00004956/,,fujikawa,fujikawa/fuji-RB00004956,長尾龍著
fuji-RB00005152,本草原始合雷公炮製 巻4・5のみ 日本·京都大學圖書館,日本·京都大學富士川文庫,overseas,ホ/42,,6,有(但页数不足),B_123有残件不足,done,book/fuji-RB00005152/,,fujikawa,fujikawa/fuji-RB00005152,
fuji-RB00005166,本草洞詮 日本·京都大學圖書館,日本·京都大學富士川文庫,overseas,ホ/55,,1,有(但页数不足),B_123有残件不足,done,book/fuji-RB00005166/,,fujikawa,fujikawa/fuji-RB00005166,(清)沈穆(石匏)撰 ・度会常芬写
fuji-RB00005191,朋百氏眼療則 2巻 日本·京都大學圖書館,日本·京都大學富士川文庫,overseas,ホ/125,,4,有(但页数不足),B_123有残件不足,done,book/fuji-RB00005191/,,fujikawa,fujikawa/fuji-RB00005191,(蘭)朋百口授・松本(良)順筆記
ndl-1309589,東海道　小田原 日本·國立國會圖書館 館藏,日本·國立國會圖書館,nonmed_junk,,,1,有(但页数不足),B_123有残件不足,done,book/ndl-1309589/,https://www.dl.ndl.go.jp/api/iiif/1309589.json,ndl,ndl/ndl-1309589,國綱
ndl-2540964,土生玄昌尺牘 日本·國立國會圖書館,日本·國立國會圖書館,overseas_guji,,,5,有(但页数不足),B_123有残件不足,done,naj/ndl-2540964/,https://www.dl.ndl.go.jp/api/iiif/2540964.json,ndl,ndl/ndl-2540964,土生玄昌 [著]
nijl-100388157,視藥霞引札／９／「胃保痢木瓜丸」 日本·東京,"日本·國文學研究資料館(NIJL)〔原始library字段误记""日本·東京"",按book_id前缀nijl-与SOP口径校正〕",nonmed_junk,,,1,有(但页数不足),B_123有残件不足,done,book/nijl-100388157/,https://kotenseki.nijl.ac.jp/biblio/100388157,nijl,nijl/nijl-100388157,磯部
shi283-0019-04,資治通鑑考異 冊04 日本·國立公文書館 館藏 史283-0019,日本·國立公文書館,overseas_guji,史283-0019,,1,空,C_123无映射,done,naj/shi283-0019-04/,https://www.digital.archives.go.jp/api/iiif/3602601.json,naikaku,naikaku/shi283-0019-04,
shi283-0020-08,資治通鑑考異 冊08 日本·國立公文書館 館藏 史283-0020,日本·國立公文書館,overseas_guji,史283-0020,,1,空,C_123无映射,done,naj/shi283-0020-08/,https://www.digital.archives.go.jp/api/iiif/1073343.json,naikaku,naikaku/shi283-0020-08,
shi284-0014-06,資治通鑑外紀 冊06 日本·國立公文書館 館藏 史284-0014,日本·國立公文書館,overseas_guji,史284-0014,,1,有(但页数不足),B_123有残件不足,done,naj/shi284-0014-06/,https://www.digital.archives.go.jp/api/iiif/3610225.json,naikaku,naikaku/shi284-0014-06,
shi284-0015-04,資治通鑑綱目發明 冊04 日本·國立公文書館 館藏 史284-0015,日本·國立公文書館,overseas_guji,史284-0015,,1,空,C_123无映射,done,naj/shi284-0015-04/,https://www.digital.archives.go.jp/api/iiif/1068262.json,naikaku,naikaku/shi284-0015-04,
shi284-0016-02,資治通鑑綱目集覽鐫誤 冊02 日本·國立公文書館 館藏 史284-0016,日本·國立公文書館,overseas_guji,史284-0016,,1,空,C_123无映射,done,naj/shi284-0016-02/,https://www.digital.archives.go.jp/api/iiif/3610226.json,naikaku,naikaku/shi284-0016-02,
shi284-0037-08,資治通鑑綱目前編 冊08 日本·國立公文書館 館藏 史284-0037,日本·國立公文書館,overseas_guji,史284-0037,,1,有(但页数不足),B_123有残件不足,done,naj/shi284-0037-08/,https://www.digital.archives.go.jp/api/iiif/1068303.json,naikaku,naikaku/shi284-0037-08,
shi285-0021-08,御撰資治通鑑綱目三編 冊08 日本·國立公文書館 館藏 史285-0021,日本·國立公文書館,overseas_guji,史285-0021,,1,有(但页数不足),B_123有残件不足,done,naj/shi285-0021-08/,https://www.digital.archives.go.jp/api/iiif/1072639.json,naikaku,naikaku/shi285-0021-08,
shi285-0023-06,御撰資治通鑑綱目三編 冊06 日本·國立公文書館 館藏 史285-0023,日本·國立公文書館,overseas_guji,史285-0023,,1,空,C_123无映射,done,naj/shi285-0023-06/,https://www.digital.archives.go.jp/api/iiif/1072640.json,naikaku,naikaku/shi285-0023-06,
shi288-0024-01,唐玄弉三藏五天竺圖 冊01 日本·國立公文書館 館藏 史288-0024,日本·國立公文書館,overseas_guji,史288-0024,,3,有(但页数不足),B_123有残件不足,done,naj/288-0024-01/,https://www.digital.archives.go.jp/api/iiif/1070124.json,naikaku,naikaku/288-0024-01,
shi288-0028-01,武漢城鎮合圖 冊01 日本·國立公文書館 館藏 史288-0028,日本·國立公文書館,overseas_guji,史288-0028,,3,有(但页数不足),B_123有残件不足,done,naj/288-0028-01/,https://www.digital.archives.go.jp/api/iiif/1068235.json,naikaku,naikaku/288-0028-01,
zi056-0002-05,高厚蒙求 冊05 日本·國立公文書館 館藏 子056-0002,日本·國立公文書館,overseas_guji,子056-0002,子部,3,有(但页数不足),B_123有残件不足,pending,naj/zi056-0002-05/,https://www.digital.archives.go.jp/api/iiif/5238396/manifest.json,lineb,lineb/zi056-0002-05,
zi056-0002-06,高厚蒙求 冊06 日本·國立公文書館 館藏 子056-0002,日本·國立公文書館,overseas_guji,子056-0002,子部,3,有(但页数不足),B_123有残件不足,pending,naj/zi056-0002-06/,https://www.digital.archives.go.jp/api/iiif/5238397/manifest.json,lineb,lineb/zi056-0002-06,
zi068-0004-09,茶寮記 冊09 日本·國立公文書館 館藏 子068-0004,日本·國立公文書館,overseas_guji,子068-0004,,3,有(但页数不足),B_123有残件不足,pending,naj/zi068-0004-09/,https://www.digital.archives.go.jp/api/iiif/596415.json,naikaku,naikaku/zi068-0004-09,著者:陸樹聲（明）
zi068-0004-14,茶書 冊14 日本·國立公文書館 館藏 子068-0004,日本·國立公文書館,overseas_guji,子068-0004,子部,5,有(但页数不足),B_123有残件不足,done,naj/zi068-0004-14/,https://www.digital.archives.go.jp/api/iiif/596417/manifest.json,lineb,lineb/zi068-0004-14,著者:陳継儒（明）
zi068-0004-16,茶書 冊16 日本·國立公文書館 館藏 子068-0004,日本·國立公文書館,overseas_guji,子068-0004,子部,3,有(但页数不足),B_123有残件不足,pending,naj/zi068-0004-16/,https://www.digital.archives.go.jp/api/iiif/596419/manifest.json,lineb,lineb/zi068-0004-16,
zi104-0001-008,武英殿聚珍版叢書 冊08 日本·國立公文書館 館藏 子104-0001,日本·國立公文書館,overseas_guji,子104-0001,,4,有(但页数不足),B_123有残件不足,pending,naj/zi104-0001-008/,https://www.digital.archives.go.jp/api/iiif/619282.json,naikaku,naikaku/zi104-0001-008,
zi105-0001-019,武英殿聚珍版叢書 冊19 日本·國立公文書館 館藏 子105-0001,日本·國立公文書館,overseas_guji,子105-0001,,5,有(但页数不足),B_123有残件不足,pending,naj/zi105-0001-019/,https://www.digital.archives.go.jp/api/iiif/600801.json,naikaku,naikaku/zi105-0001-019,
zi105-0001-021,武英殿聚珍版叢書 冊21 日本·國立公文書館 館藏 子105-0001,日本·國立公文書館,overseas_guji,子105-0001,,4,有(但页数不足),B_123有残件不足,pending,naj/zi105-0001-021/,https://www.digital.archives.go.jp/api/iiif/600898.json,naikaku,naikaku/zi105-0001-021,
zi192-0007-03,離魂記 冊03 日本·國立公文書館 館藏 子192-0007,日本·國立公文書館,overseas_guji,子192-0007,,5,有(但页数不足),B_123有残件不足,done,naj/zi192-0007-03/,https://www.digital.archives.go.jp/api/iiif/582514.json,naikaku,naikaku/zi192-0007-03,
zi192-0007-18,虞初志 冊18 日本·國立公文書館 館藏 子192-0007,日本·國立公文書館,overseas_guji,子192-0007,子部,3,有(但页数不足),B_123有残件不足,pending,naj/zi192-0007-18/,https://www.digital.archives.go.jp/api/iiif/582706/manifest.json,lineb,lineb/zi192-0007-18,
zi192-0008-35,雷民傳 冊35 日本·國立公文書館 館藏 子192-0008,日本·國立公文書館,overseas_guji,子192-0008,,3,有(但页数不足),B_123有残件不足,done,naj/zi192-0008-35/,https://www.digital.archives.go.jp/api/iiif/578091.json,naikaku,naikaku/zi192-0008-35,
zi192-0008-39,薛弘機傳 冊39 日本·國立公文書館 館藏 子192-0008,日本·國立公文書館,overseas_guji,子192-0008,,3,有(但页数不足),B_123有残件不足,done,naj/zi192-0008-39/,https://www.digital.archives.go.jp/api/iiif/578096.json,naikaku,naikaku/zi192-0008-39,
zi192-0008-43,崔玄微傳 冊43 日本·國立公文書館 館藏 子192-0008,日本·國立公文書館,overseas_guji,子192-0008,,3,有(但页数不足),B_123有残件不足,done,naj/zi192-0008-43/,https://www.digital.archives.go.jp/api/iiif/577989.json,naikaku,naikaku/zi192-0008-43,
zi192-0008-44,薛靈藝傳 冊44 日本·國立公文書館 館藏 子192-0008,日本·國立公文書館,overseas_guji,子192-0008,,3,有(但页数不足),B_123有残件不足,done,naj/zi192-0008-44/,https://www.digital.archives.go.jp/api/iiif/578099.json,naikaku,naikaku/zi192-0008-44,
zi192-0008-52,一行傳 冊52 日本·國立公文書館 館藏 子192-0008,日本·國立公文書館,overseas_guji,子192-0008,,3,有(但页数不足),B_123有残件不足,done,naj/zi192-0008-52/,https://www.digital.archives.go.jp/api/iiif/578194.json,naikaku,naikaku/zi192-0008-52,
zi235-0001-03,清淨經 冊03 日本·國立公文書館 館藏 子235-0001,日本·國立公文書館,overseas_guji,子235-0001,,2,有(但页数不足),B_123有残件不足,done,naj/zi235-0001-03/,https://www.digital.archives.go.jp/api/iiif/581469.json,naikaku,naikaku/zi235-0001-03,著者:李耼（周）
zi235-0001-06,消災護命妙經 冊06 日本·國立公文書館 館藏 子235-0001,日本·國立公文書館,overseas_guji,子235-0001,,2,有(但页数不足),B_123有残件不足,done,naj/zi235-0001-06/,https://www.digital.archives.go.jp/api/iiif/581706.json,naikaku,naikaku/zi235-0001-06,著者:李耼（周）
zi235-0001-07,赤文洞古經 冊07 日本·國立公文書館 館藏 子235-0001,日本·國立公文書館,overseas_guji,子235-0001,,2,有(但页数不足),B_123有残件不足,done,naj/zi235-0001-07/,https://www.digital.archives.go.jp/api/iiif/581707.json,naikaku,naikaku/zi235-0001-07,著者:李耼（周）
zi235-0001-10,日用經 冊10 日本·國立公文書館 館藏 子235-0001,日本·國立公文書館,overseas_guji,子235-0001,,2,有(但页数不足),B_123有残件不足,done,naj/zi235-0001-10/,https://www.digital.archives.go.jp/api/iiif/581709.json,naikaku,naikaku/zi235-0001-10,著者:李耼（周）
zi235-0001-11,玉樞經髓 冊11 日本·國立公文書館 館藏 子235-0001,日本·國立公文書館,overseas_guji,子235-0001,,4,有(但页数不足),B_123有残件不足,done,naj/zi235-0001-11/,https://www.digital.archives.go.jp/api/iiif/581710.json,naikaku,naikaku/zi235-0001-11,著者:李耼（周）
zi235-0001-19,醉思仙歌 冊19 日本·國立公文書館 館藏 子235-0001,日本·國立公文書館,overseas_guji,子235-0001,,4,有(但页数不足),B_123有残件不足,done,naj/zi235-0001-19/,https://www.digital.archives.go.jp/api/iiif/581590.json,naikaku,naikaku/zi235-0001-19,著者:許遜（晉）
zi235-0001-23,還丹破迷歌 冊23 日本·國立公文書館 館藏 子235-0001,日本·國立公文書館,overseas_guji,子235-0001,,2,有(但页数不足),B_123有残件不足,done,naj/zi235-0001-23/,https://www.digital.archives.go.jp/api/iiif/581580.json,naikaku,naikaku/zi235-0001-23,著者:劉操
zi235-0001-25,太空歌 冊25 日本·國立公文書館 館藏 子235-0001,日本·國立公文書館,overseas_guji,子235-0001,,2,有(但页数不足),B_123有残件不足,done,naj/zi235-0001-25/,https://www.digital.archives.go.jp/api/iiif/581814.json,naikaku,naikaku/zi235-0001-25,著者:馬鈺（金）
zi235-0001-27,青天歌 冊27 日本·國立公文書館 館藏 子235-0001,日本·國立公文書館,overseas_guji,子235-0001,,2,有(但页数不足),B_123有残件不足,done,naj/zi235-0001-27/,https://www.digital.archives.go.jp/api/iiif/581589.json,naikaku,naikaku/zi235-0001-27,著者:丘處機（金）
zi235-0001-28,還丹口訣歌 冊28 日本·國立公文書館 館藏 子235-0001,日本·國立公文書館,overseas_guji,子235-0001,,3,有(但页数不足),B_123有残件不足,done,naj/zi235-0001-28/,https://www.digital.archives.go.jp/api/iiif/581816.json,naikaku,naikaku/zi235-0001-28,著者:馬自然
zi235-0001-31,後快活歌 冊31 日本·國立公文書館 館藏 子235-0001,日本·國立公文書館,overseas_guji,子235-0001,,2,有(但页数不足),B_123有残件不足,done,naj/zi235-0001-31/,https://www.digital.archives.go.jp/api/iiif/581581.json,naikaku,naikaku/zi235-0001-31,著者:白玉蟾（宋）
zi235-0001-32,大道歌 冊32 日本·國立公文書館 館藏 子235-0001,日本·國立公文書館,overseas_guji,子235-0001,,3,有(但页数不足),B_123有残件不足,done,naj/zi235-0001-32/,https://www.digital.archives.go.jp/api/iiif/581702.json,naikaku,naikaku/zi235-0001-32,著者:白玉蟾（宋）
zi235-0001-33,道閫元樞歌 冊33 日本·國立公文書館 館藏 子235-0001,日本·國立公文書館,overseas_guji,子235-0001,,4,有(但页数不足),B_123有残件不足,done,naj/zi235-0001-33/,https://www.digital.archives.go.jp/api/iiif/581818.json,naikaku,naikaku/zi235-0001-33,著者:彭耜（宋）
zi235-0001-36,判惑歌 冊36 日本·國立公文書館 館藏 子235-0001,日本·國立公文書館,overseas_guji,子235-0001,,4,有(但页数不足),B_123有残件不足,done,naj/zi235-0001-36/,https://www.digital.archives.go.jp/api/iiif/581819.json,naikaku,naikaku/zi235-0001-36,著者:陳致虛（元）
zi235-0001-37,道言 冊37 日本·國立公文書館 館藏 子235-0001,日本·國立公文書館,overseas_guji,子235-0001,子部,3,有(但页数不足),B_123有残件不足,done,naj/zi235-0001-37/,https://www.digital.archives.go.jp/api/iiif/581821/manifest.json,lineb,lineb/zi235-0001-37,著者:呂巌（唐）
zi235-0001-38,道言 冊38 日本·國立公文書館 館藏 子235-0001,日本·國立公文書館,overseas_guji,子235-0001,子部,2,有(但页数不足),B_123有残件不足,done,naj/zi235-0001-38/,https://www.digital.archives.go.jp/api/iiif/581820/manifest.json,lineb,lineb/zi235-0001-38,著者:白玉蟾（宋）
zi235-0001-39,道言 冊39 日本·國立公文書館 館藏 子235-0001,日本·國立公文書館,overseas_guji,子235-0001,子部,3,有(但页数不足),B_123有残件不足,done,naj/zi235-0001-39/,https://www.digital.archives.go.jp/api/iiif/581822/manifest.json,lineb,lineb/zi235-0001-39,著者:張三丰
zi235-0001-40,五言古詞 冊40 日本·國立公文書館 館藏 子235-0001,日本·國立公文書館,overseas_guji,子235-0001,,2,有(但页数不足),B_123有残件不足,done,naj/zi235-0001-40/,https://www.digital.archives.go.jp/api/iiif/581823.json,naikaku,naikaku/zi235-0001-40,著者:白玉蟾（宋）
zi235-0001-45,火蓮經 冊45 日本·國立公文書館 館藏 子235-0001,日本·國立公文書館,overseas_guji,子235-0001,,5,有(但页数不足),B_123有残件不足,done,naj/zi235-0001-45/,https://www.digital.archives.go.jp/api/iiif/581825.json,naikaku,naikaku/zi235-0001-45,著者:劉安（漢）
zi273-0002-01,石鐘山記 全一冊 日本·國立公文書館 館藏 子273-0002,日本·國立公文書館,overseas_guji,子273-0002,子部,3,有(但页数不足),B_123有残件不足,done,naj/zi273-0002-01/,https://www.digital.archives.go.jp/api/iiif/1076426/manifest.json,lineb,lineb/zi273-0002-01,その他:蘇軾(宋)書
zi298-0180-01,敬齋箴 全一冊 日本·國立公文書館 館藏 子298-0180,日本·國立公文書館,overseas_guji,子298-0180,子部,5,有(但页数不足),B_123有残件不足,done,naj/298-0180-01/,https://www.digital.archives.go.jp/api/iiif/1076852/manifest.json,lineb,lineb/298-0180-01,著者:朱熹（宋）
zi298-0193-01,敬齋箴 全一冊 日本·國立公文書館 館藏 子298-0193,日本·國立公文書館,overseas_guji,子298-0193,子部,5,有(但页数不足),B_123有残件不足,done,naj/298-0193-01/,https://www.digital.archives.go.jp/api/iiif/1078016/manifest.json,lineb,lineb/298-0193-01,著者:朱熹（宋）
zi306-0136-01,孔子見老子畫象 全一冊 日本·國立公文書館 館藏 子306-0136,日本·國立公文書館,overseas_guji,子306-0136,子部,4,有(但页数不足),B_123有残件不足,done,naj/306-0136-01/,https://www.digital.archives.go.jp/api/iiif/1077095/manifest.json,lineb,lineb/306-0136-01,
zi306-0270-09,茶書 冊09 日本·國立公文書館 館藏 子306-0270,日本·國立公文書館,overseas_guji,子306-0270,,3,有(但页数不足),B_123有残件不足,done,naj/zi306-0270-09/,https://www.digital.archives.go.jp/api/iiif/3610915.json,naikaku,naikaku/zi306-0270-09,
zi306-0270-14,茶話 冊14 日本·國立公文書館 館藏 子306-0270,日本·國立公文書館,overseas_guji,子306-0270,,4,有(但页数不足),B_123有残件不足,pending,naj/zi306-0270-14/,https://www.digital.archives.go.jp/api/iiif/3610931.json,naikaku,naikaku/zi306-0270-14,著者:陳繼儒（明）
zi306-0270-16,茗笈品藻 冊16 日本·國立公文書館 館藏 子306-0270,日本·國立公文書館,overseas_guji,子306-0270,,3,有(但页数不足),B_123有残件不足,pending,naj/zi306-0270-16/,https://www.digital.archives.go.jp/api/iiif/3610933.json,naikaku,naikaku/zi306-0270-16,
zi306-0270-18,茶考 冊18 日本·國立公文書館 館藏 子306-0270,日本·國立公文書館,overseas_guji,子306-0270,,5,有(但页数不足),B_123有残件不足,pending,naj/zi306-0270-18/,https://www.digital.archives.go.jp/api/iiif/3610912.json,naikaku,naikaku/zi306-0270-18,著者:陳師（明）
zi308-0129-18,傳家寶 冊18 日本·國立公文書館 館藏 子308-0129,日本·國立公文書館,overseas_guji,子308-0129,,4,有(但页数不足),B_123有残件不足,done,naj/zi308-0129-18/,https://www.digital.archives.go.jp/api/iiif/596050.json,naikaku,naikaku/zi308-0129-18,
zi308-0129-19,傳家寶 冊19 日本·國立公文書館 館藏 子308-0129,日本·國立公文書館,overseas_guji,子308-0129,,4,有(但页数不足),B_123有残件不足,done,naj/zi308-0129-19/,https://www.digital.archives.go.jp/api/iiif/596091.json,naikaku,naikaku/zi308-0129-19,
zi308-0129-20,傳家寶 冊20 日本·國立公文書館 館藏 子308-0129,日本·國立公文書館,overseas_guji,子308-0129,,3,有(但页数不足),B_123有残件不足,done,naj/zi308-0129-20/,https://www.digital.archives.go.jp/api/iiif/596093.json,naikaku,naikaku/zi308-0129-20,
zi308-0129-21,傳家寶 冊21 日本·國立公文書館 館藏 子308-0129,日本·國立公文書館,overseas_guji,子308-0129,,4,有(但页数不足),B_123有残件不足,done,naj/zi308-0129-21/,https://www.digital.archives.go.jp/api/iiif/596774.json,naikaku,naikaku/zi308-0129-21,
zi308-0129-45,傳家寶 冊45 日本·國立公文書館 館藏 子308-0129,日本·國立公文書館,overseas_guji,子308-0129,,5,有(但页数不足),B_123有残件不足,done,naj/zi308-0129-45/,https://www.digital.archives.go.jp/api/iiif/596780.json,naikaku,naikaku/zi308-0129-45,
zi308-0129-74,傳家寶 冊74 日本·國立公文書館 館藏 子308-0129,日本·國立公文書館,overseas_guji,子308-0129,,5,有(但页数不足),B_123有残件不足,done,naj/zi308-0129-74/,https://www.digital.archives.go.jp/api/iiif/596192.json,naikaku,naikaku/zi308-0129-74,
zi308-0177-01,唐百家小說摘 冊01 日本·國立公文書館 館藏 子308-0177,日本·國立公文書館,overseas_guji,子308-0177,,5,有(但页数不足),B_123有残件不足,done,naj/zi308-0177-01/,https://www.digital.archives.go.jp/api/iiif/596568.json,naikaku,naikaku/zi308-0177-01,
zi308-0177-02,唐百家小說摘 冊02 日本·國立公文書館 館藏 子308-0177,日本·國立公文書館,overseas_guji,子308-0177,,5,有(但页数不足),B_123有残件不足,done,naj/zi308-0177-02/,https://www.digital.archives.go.jp/api/iiif/596622.json,naikaku,naikaku/zi308-0177-02,
zi308-0177-04,唐百家小說摘 冊04 日本·國立公文書館 館藏 子308-0177,日本·國立公文書館,overseas_guji,子308-0177,,2,有(但页数不足),B_123有残件不足,done,naj/zi308-0177-04/,https://www.digital.archives.go.jp/api/iiif/596623.json,naikaku,naikaku/zi308-0177-04,
zi308-0177-06,唐百家小說摘 冊06 日本·國立公文書館 館藏 子308-0177,日本·國立公文書館,overseas_guji,子308-0177,,3,有(但页数不足),B_123有残件不足,done,naj/zi308-0177-06/,https://www.digital.archives.go.jp/api/iiif/596517.json,naikaku,naikaku/zi308-0177-06,
zi308-0177-07,唐百家小說摘 冊07 日本·國立公文書館 館藏 子308-0177,日本·國立公文書館,overseas_guji,子308-0177,,3,有(但页数不足),B_123有残件不足,done,naj/zi308-0177-07/,https://www.digital.archives.go.jp/api/iiif/596624.json,naikaku,naikaku/zi308-0177-07,
zi308-0177-08,唐百家小說摘 冊08 日本·國立公文書館 館藏 子308-0177,日本·國立公文書館,overseas_guji,子308-0177,,4,有(但页数不足),B_123有残件不足,done,naj/zi308-0177-08/,https://www.digital.archives.go.jp/api/iiif/596625.json,naikaku,naikaku/zi308-0177-08,
zi308-0177-09,唐百家小說摘 冊09 日本·國立公文書館 館藏 子308-0177,日本·國立公文書館,overseas_guji,子308-0177,,2,有(但页数不足),B_123有残件不足,done,naj/zi308-0177-09/,https://www.digital.archives.go.jp/api/iiif/596626.json,naikaku,naikaku/zi308-0177-09,
zi308-0177-10,唐百家小說摘 冊10 日本·國立公文書館 館藏 子308-0177,日本·國立公文書館,overseas_guji,子308-0177,,2,有(但页数不足),B_123有残件不足,done,naj/zi308-0177-10/,https://www.digital.archives.go.jp/api/iiif/596627.json,naikaku,naikaku/zi308-0177-10,
zi308-0177-11,唐百家小說摘 冊11 日本·國立公文書館 館藏 子308-0177,日本·國立公文書館,overseas_guji,子308-0177,,2,有(但页数不足),B_123有残件不足,done,naj/zi308-0177-11/,https://www.digital.archives.go.jp/api/iiif/596505.json,naikaku,naikaku/zi308-0177-11,
zi308-0177-13,唐百家小說摘 冊13 日本·國立公文書館 館藏 子308-0177,日本·國立公文書館,overseas_guji,子308-0177,子部,3,有(但页数不足),B_123有残件不足,done,naj/308-0177-13/,https://www.digital.archives.go.jp/api/iiif/596629/manifest.json,lineb,lineb/308-0177-13,著者:張固（唐）
zi308-0177-14,唐百家小說摘 冊14 日本·國立公文書館 館藏 子308-0177,日本·國立公文書館,overseas_guji,子308-0177,子部,5,有(但页数不足),B_123有残件不足,done,naj/308-0177-14/,https://www.digital.archives.go.jp/api/iiif/596630/manifest.json,lineb,lineb/308-0177-14,著者:韋絢（唐）
zi308-0177-16,唐百家小說摘 冊16 日本·國立公文書館 館藏 子308-0177,日本·國立公文書館,overseas_guji,子308-0177,,5,有(但页数不足),B_123有残件不足,done,naj/zi308-0177-16/,https://www.digital.archives.go.jp/api/iiif/596463.json,naikaku,naikaku/zi308-0177-16,
zi308-0177-20,唐百家小說摘 冊20 日本·國立公文書館 館藏 子308-0177,日本·國立公文書館,overseas_guji,子308-0177,,5,有(但页数不足),B_123有残件不足,done,naj/zi308-0177-20/,https://www.digital.archives.go.jp/api/iiif/596519.json,naikaku,naikaku/zi308-0177-20,
zi308-0177-21,唐百家小說摘 冊21 日本·國立公文書館 館藏 子308-0177,日本·國立公文書館,overseas_guji,子308-0177,,2,有(但页数不足),B_123有残件不足,done,naj/zi308-0177-21/,https://www.digital.archives.go.jp/api/iiif/596506.json,naikaku,naikaku/zi308-0177-21,
zi308-0177-23,唐百家小說摘 冊23 日本·國立公文書館 館藏 子308-0177,日本·國立公文書館,overseas_guji,子308-0177,,2,有(但页数不足),B_123有残件不足,done,naj/zi308-0177-23/,https://www.digital.archives.go.jp/api/iiif/596516.json,naikaku,naikaku/zi308-0177-23,
zi308-0177-24,唐百家小說摘 冊24 日本·國立公文書館 館藏 子308-0177,日本·國立公文書館,overseas_guji,子308-0177,,3,有(但页数不足),B_123有残件不足,done,naj/zi308-0177-24/,https://www.digital.archives.go.jp/api/iiif/596676.json,naikaku,naikaku/zi308-0177-24,
zi308-0177-25,唐百家小說摘 冊25 日本·國立公文書館 館藏 子308-0177,日本·國立公文書館,overseas_guji,子308-0177,,4,有(但页数不足),B_123有残件不足,done,naj/zi308-0177-25/,https://www.digital.archives.go.jp/api/iiif/596507.json,naikaku,naikaku/zi308-0177-25,
zi308-0177-26,唐百家小說摘 冊26 日本·國立公文書館 館藏 子308-0177,日本·國立公文書館,overseas_guji,子308-0177,子部,3,有(但页数不足),B_123有残件不足,done,naj/308-0177-26/,https://www.digital.archives.go.jp/api/iiif/596678/manifest.json,lineb,lineb/308-0177-26,著者:王仁裕（唐）
zi308-0177-29,唐百家小說摘 冊29 日本·國立公文書館 館藏 子308-0177,日本·國立公文書館,overseas_guji,子308-0177,,5,有(但页数不足),B_123有残件不足,done,naj/zi308-0177-29/,https://www.digital.archives.go.jp/api/iiif/596561.json,naikaku,naikaku/zi308-0177-29,
zi308-0177-30,唐百家小說摘 冊30 日本·國立公文書館 館藏 子308-0177,日本·國立公文書館,overseas_guji,子308-0177,,4,有(但页数不足),B_123有残件不足,done,naj/zi308-0177-30/,https://www.digital.archives.go.jp/api/iiif/596508.json,naikaku,naikaku/zi308-0177-30,
zi308-0177-32,唐百家小說摘 冊32 日本·國立公文書館 館藏 子308-0177,日本·國立公文書館,overseas_guji,子308-0177,子部,5,有(但页数不足),B_123有残件不足,done,naj/308-0177-32/,https://www.digital.archives.go.jp/api/iiif/596682/manifest.json,lineb,lineb/308-0177-32,著者:雍陶（唐）
zi308-0177-34,唐百家小說摘 冊34 日本·國立公文書館 館藏 子308-0177,日本·國立公文書館,overseas_guji,子308-0177,,4,有(但页数不足),B_123有残件不足,done,naj/zi308-0177-34/,https://www.digital.archives.go.jp/api/iiif/596681.json,naikaku,naikaku/zi308-0177-34,
zi308-0177-37,唐百家小說摘 冊37 日本·國立公文書館 館藏 子308-0177,日本·國立公文書館,overseas_guji,子308-0177,,3,有(但页数不足),B_123有残件不足,done,naj/zi308-0177-37/,https://www.digital.archives.go.jp/api/iiif/596683.json,naikaku,naikaku/zi308-0177-37,
zi308-0177-41,唐百家小說摘 冊41 日本·國立公文書館 館藏 子308-0177,日本·國立公文書館,overseas_guji,子308-0177,,5,有(但页数不足),B_123有残件不足,done,naj/zi308-0177-41/,https://www.digital.archives.go.jp/api/iiif/596686.json,naikaku,naikaku/zi308-0177-41,
zi308-0177-43,唐百家小說摘 冊43 日本·國立公文書館 館藏 子308-0177,日本·國立公文書館,overseas_guji,子308-0177,,2,有(但页数不足),B_123有残件不足,done,naj/zi308-0177-43/,https://www.digital.archives.go.jp/api/iiif/596509.json,naikaku,naikaku/zi308-0177-43,
zi308-0177-44,唐百家小說摘 冊44 日本·國立公文書館 館藏 子308-0177,日本·國立公文書館,overseas_guji,子308-0177,,2,有(但页数不足),B_123有残件不足,done,naj/zi308-0177-44/,https://www.digital.archives.go.jp/api/iiif/596564.json,naikaku,naikaku/zi308-0177-44,
zi308-0177-46,唐百家小說摘 冊46 日本·國立公文書館 館藏 子308-0177,日本·國立公文書館,overseas_guji,子308-0177,,2,有(但页数不足),B_123有残件不足,done,naj/zi308-0177-46/,https://www.digital.archives.go.jp/api/iiif/596511.json,naikaku,naikaku/zi308-0177-46,
zi308-0177-47,唐百家小說摘 冊47 日本·國立公文書館 館藏 子308-0177,日本·國立公文書館,overseas_guji,子308-0177,,2,有(但页数不足),B_123有残件不足,done,naj/zi308-0177-47/,https://www.digital.archives.go.jp/api/iiif/596731.json,naikaku,naikaku/zi308-0177-47,
zi308-0177-48,唐百家小說摘 冊48 日本·國立公文書館 館藏 子308-0177,日本·國立公文書館,overseas_guji,子308-0177,,4,有(但页数不足),B_123有残件不足,done,naj/zi308-0177-48/,https://www.digital.archives.go.jp/api/iiif/596733.json,naikaku,naikaku/zi308-0177-48,
zi309-0117-03,離魂記 冊03 日本·國立公文書館 館藏 子309-0117,日本·國立公文書館,overseas_guji,子309-0117,,3,有(但页数不足),B_123有残件不足,done,naj/zi309-0117-03/,https://www.digital.archives.go.jp/api/iiif/3610599.json,naikaku,naikaku/zi309-0117-03,著者:韋壯（唐）
zi309-0117-06,紅線傳 冊06 日本·國立公文書館 館藏 子309-0117,日本·國立公文書館,overseas_guji,子309-0117,,5,有(但页数不足),B_123有残件不足,done,naj/zi309-0117-06/,https://www.digital.archives.go.jp/api/iiif/3610578.json,naikaku,naikaku/zi309-0117-06,著者:楊巨源（唐）
zi309-0117-10,周秦行紀論 冊10 日本·國立公文書館 館藏 子309-0117,日本·國立公文書館,overseas_guji,子309-0117,,4,有(但页数不足),B_123有残件不足,done,naj/309-0117-10/,https://www.digital.archives.go.jp/api/iiif/3610606.json,naikaku,naikaku/309-0117-10,著者:李德裕（唐）
zi309-0117-11,枕中記 冊11 日本·國立公文書館 館藏 子309-0117,日本·國立公文書館,overseas_guji,子309-0117,,4,有(但页数不足),B_123有残件不足,done,naj/zi309-0117-11/,https://www.digital.archives.go.jp/api/iiif/3610598.json,naikaku,naikaku/zi309-0117-11,著者:李泌（唐）
zi309-0117-15,崔少玄傳 冊15 日本·國立公文書館 館藏 子309-0117,日本·國立公文書館,overseas_guji,子309-0117,,5,有(但页数不足),B_123有残件不足,done,naj/zi309-0117-15/,https://www.digital.archives.go.jp/api/iiif/3610628.json,naikaku,naikaku/zi309-0117-15,著者:王建（唐）
zi309-0117-18,謝小娥傳 冊18 日本·國立公文書館 館藏 子309-0117,日本·國立公文書館,overseas_guji,子309-0117,,5,有(但页数不足),B_123有残件不足,done,naj/zi309-0117-18/,https://www.digital.archives.go.jp/api/iiif/3610630.json,naikaku,naikaku/zi309-0117-18,著者:李公佐（唐）
zi309-0117-19,楊娼傳 冊19 日本·國立公文書館 館藏 子309-0117,日本·國立公文書館,overseas_guji,子309-0117,,3,有(但页数不足),B_123有残件不足,done,naj/zi309-0117-19/,https://www.digital.archives.go.jp/api/iiif/3610580.json,naikaku,naikaku/zi309-0117-19,著者:李羣玉（唐）
zi309-0117-23,虞初志 冊23 日本·國立公文書館 館藏 子309-0117,日本·國立公文書館,overseas_guji,子309-0117,子部,4,有(但页数不足),B_123有残件不足,done,naj/309-0117-23/,https://www.digital.archives.go.jp/api/iiif/3610633/manifest.json,lineb,lineb/309-0117-23,著者:許堯佐（唐）
zi309-0117-28,冥音錄 冊28 日本·國立公文書館 館藏 子309-0117,日本·國立公文書館,overseas_guji,子309-0117,,4,有(但页数不足),B_123有残件不足,done,naj/zi309-0117-28/,https://www.digital.archives.go.jp/api/iiif/3610600.json,naikaku,naikaku/zi309-0117-28,著者:朱慶餘（唐）
